marshallraybell,nasa,10,0,55903,8677,10,64580,2
michael_w_busch,elsisrad,649,152,22,0,801,22,20
manuelnegromont,nasa,4,0,55903,8677,4,64580,2
d0b0,nasa,38,0,55903,8677,38,64580,26
nasagoddard,osirisrex,466,18,382,23,484,405,799
twcmarialarosa,nasa,28,0,55903,8677,28,64580,171
laneybearr,nasa,0,2,55903,8677,2,64580,1
unclejoe1116,spacex,11,0,9247,328,11,9575,9
putoastronauta,nasa,16,1,55903,8677,17,64580,24
deschampspat,nasa,59,0,55903,8677,59,64580,140
cseethru,nasa,27,0,55903,8677,27,64580,19
cfijohnson,nasa,5,0,55903,8677,5,64580,1
astroduff,sandygrains,803,112,27,3,915,30,85
skirdenkoartur,nasa,4,0,55903,8677,4,64580,5
todstertodd,space_station,17,5,8043,589,22,8632,3
nasago,nasa,11,0,55903,8677,11,64580,57
governa,nasa,12,0,55903,8677,12,64580,11
rafikwesten5017,cassinisaturn,12,5,3863,85,17,3948,10
cosmic_horizons,realscientists,523,148,99,16,671,115,66
dubengeldu,esa,51,12,5155,135,63,5290,91
erika_carbon,nasa,4,3,55903,8677,7,64580,0
astro_jeremy,thom_astro,107,13,221,14,120,235,481
sallyredux,nasa,4,2,55903,8677,6,64580,11
heartsurgeon111,nasa,27,4,55903,8677,31,64580,11
lilelectronblue,nasa,4,7,55903,8677,11,64580,10
jackthomson01,nasa,9,2,55903,8677,11,64580,3
siobsi,esa_rosetta,21,1,4545,304,22,4849,31
torybruno,trampolinrocket,1379,106,18,4,1485,22,217
coreyspowell,arielwaldman,429,83,74,1,512,75,203
whybankcollapse,nasa,26,0,55903,8677,26,64580,29
iss_casis,space_station,96,0,8043,589,96,8632,1085
irenaorlov,nasa,38,0,55903,8677,38,64580,57
incatrades,nasa,14,1,55903,8677,15,64580,24
sarahkendrew,jr_pritchard,504,85,48,7,589,55,93
csa_asc,daveatcogs,358,9,21,0,367,21,94
drphilmarshall,mrtommyb,248,36,37,9,284,46,36
invi_god,nasa,29,0,55903,8677,29,64580,9
hunkerdad,nasa,10,1,55903,8677,11,64580,3
planet4589,ucssatdb,888,169,6,0,1057,6,32
tracy_karin,nasa,120,0,55903,8677,120,64580,496
michael_w_busch,benjaminsharkey,649,152,33,6,801,39,37
andrestb,nasa,14,0,55903,8677,14,64580,17
adeptpasanga,cassinisaturn,1,2,3863,85,3,3948,1
astrodot,astro_clay,335,8,181,8,343,189,415
drfunkyspoon,tim846,628,95,20,1,723,21,59
alvinseven77,nasa,16,0,55903,8677,16,64580,17
rainmaker1973,marscuriosity,132,10,7139,52,142,7191,433
cassinisaturn,nasaames,211,9,111,5,220,116,1155
nasa,nasaames,381,34,111,5,415,116,1677
mentionmapp,nasa,11,0,55903,8677,11,64580,69
iss_research,astropeggy,268,20,68,2,288,70,499
toffy8,nasa,0,2,55903,8677,2,64580,0
drphilmarshall,brendonbrewer,248,36,248,53,284,301,20
astro_mike,cuseas,344,15,44,2,359,46,27
setiinstitute,nasaames,275,12,111,5,287,116,979
jd_evermore,nasa,3,3,55903,8677,6,64580,17
nasakennedy,nasakepler,345,13,309,24,358,333,1704
eclark1946,nasa,10,1,55903,8677,11,64580,10
cheetah62,space_station,20,0,8043,589,20,8632,21
astro_kate7,thom_astro,71,0,221,14,71,235,402
ichetz,nasa,24,0,55903,8677,24,64580,29
luciano_paz,nasa,14,0,55903,8677,14,64580,1
chrislintott,planetdr,660,103,783,153,763,936,280
elderj_jackie,iss_research,20,12,4199,61,32,4260,13
jannalevin,scifri,185,30,86,5,215,91,150
astroduff,helen_e_mc,803,112,25,2,915,27,69
justgea02,nasa,7,4,55903,8677,11,64580,5
yazziesays,nasa,39,0,55903,8677,39,64580,128
astronomolly,eteq,718,99,56,6,817,62,53
cw4t7abs,nasagoddard,48,4,2786,23,52,2809,49
astro_reid,dawn_kernagis,349,36,15,0,385,15,76
startalkradio,pillownaut,731,46,83,10,777,93,195
_aaaaaari,nasa,1,2,55903,8677,3,64580,2
vrooje,ngc3314,394,81,96,10,475,106,59
lisaharveysmith,riaus,470,27,35,4,497,39,70
endo_chank,nasa,31,16,55903,8677,47,64580,16
tcmindy,nasa,25,2,55903,8677,27,64580,86
torybruno,taliaeliana,1379,106,16,0,1485,16,254
5tate0fan3nemy,nasa,12,3,55903,8677,15,64580,19
stargazers42,nasa,38,0,55903,8677,38,64580,220
mitchroffer,nasa,24,1,55903,8677,25,64580,49
elpachinko,nasa,22,0,55903,8677,22,64580,2
nickastronomer,claranellist,1203,166,23,5,1369,28,88
laonehuman,nasa,77,0,55903,8677,77,64580,246
alisondenisco,nasa,8,2,55903,8677,10,64580,22
lisaharveysmith,aunateridu,470,27,28,5,497,33,45
wondaland,nasa,0,2,55903,8677,2,64580,0
apod,nasajpl,27,0,4957,65,27,5022,1647
movethrough,nasa,17,0,55903,8677,17,64580,37
rolljleah,nasa,7,5,55903,8677,12,64580,3
spaceman60,nasajpl,47,0,4957,65,47,5022,79
starzanplanets,stellarplanet,448,67,34,2,515,36,102
cassinisaturn,planetdr,211,9,783,153,220,936,569
mwavestechllc,esa,39,0,5155,135,39,5290,53
unfccc,nasa,13,0,55903,8677,13,64580,725
jlgnava,nasa,30,11,55903,8677,41,64580,14
ourhiddenhistry,nasa,0,4,55903,8677,4,64580,34
astroemz,esa_rosetta,93,0,4545,304,93,4849,448
stargazerfred,abcnews,295,51,202,63,346,265,36
djdelleon,nasa,97,7,55903,8677,104,64580,89
michael_w_busch,mcnees,649,152,271,63,801,334,62
treypole,nasa,10,1,55903,8677,11,64580,9
sneakin,spacex,14,3,9247,328,17,9575,18
astro2fish,carbon_flight,128,7,89,5,135,94,219
katiezabbott,nasa,14,12,55903,8677,26,64580,1
nasawebb,nasagoddard,28,0,2786,23,28,2809,1585
howard74,spacedotcom,6,0,4724,125,6,4849,13
sun_aware_crime,nasa,78,48,55903,8677,126,64580,1
summer_ash,merrdiff,793,73,120,20,866,140,128
apegnb,nasa,7,0,55903,8677,7,64580,37
douglasholtzman,nasa,11,0,55903,8677,11,64580,12
sjzambito,nasa,43,0,55903,8677,43,64580,52
virgiliocorrado,neiltyson,24,0,10053,253,24,10306,37
crkarla,space_station,39,0,8043,589,39,8632,89
3sagagm,spacedotcom,14,0,4724,125,14,4849,11
akhtertuler,nasa,22,0,55903,8677,22,64580,0
starzanplanets,gnorth,448,67,6,0,515,6,11
astroduff,bencubby,803,112,19,3,915,22,32
nitestar,nasa,40,1,55903,8677,41,64580,34
nasa_technology,nasa_marshall,244,7,95,5,251,100,1031
drsuzdonnelly,nasa,6,2,55903,8677,8,64580,12
cosmic_horizons,merrickphillip,523,148,24,5,671,29,13
badastronomer,drmrfrancis,389,46,258,52,435,310,385
chrislintott,jegpeek,660,103,251,42,763,293,65
iamsafikhanboss,nasa,7,0,55903,8677,7,64580,4
jonspathelf,nasa,8,0,55903,8677,8,64580,17
neems44,nasa,3,3,55903,8677,6,64580,1
larkin10louise,nasa,0,2,55903,8677,2,64580,8
planet4589,themarkashley,888,169,4,4,1057,8,10
willgater,dawnsunrise1,499,18,94,6,517,100,178
galacticfarms,nasa,29,0,55903,8677,29,64580,68
morgankoverman,nasa,2,2,55903,8677,4,64580,5
kazuhikofujita6,nasa,52,0,55903,8677,52,64580,60
djpr1000,nasa,12,0,55903,8677,12,64580,12
deltontrueblood,nasa,27,3,55903,8677,30,64580,6
nasa,nasa_wallops,381,34,112,3,415,115,1262
rainmaker1973,cassinisaturn,132,10,3863,85,142,3948,361
catherineq,cnn,686,98,57,14,784,71,212
jasonfawcett_ca,nasa,47,1,55903,8677,48,64580,93
drfunkyspoon,mousegle,628,95,4,2,723,6,50
starzanplanets,brianwolven,448,67,295,52,515,347,85
duckhunter9090,nasa,22,0,55903,8677,22,64580,21
badastronomer,ronbaalke,389,46,58,6,435,64,383
planet4589,penguingalaxy,888,169,57,7,1057,64,128
noisyastronomer,sondy,396,62,422,82,458,504,195
drfunkyspoon,omcintyre,628,95,31,6,723,37,128
torybruno,rocketmanjrs,1379,106,8,0,1485,8,84
allplanets,nasa,65,2,55903,8677,67,64580,384
jennbeightol,nasa,28,0,55903,8677,28,64580,10
planet4589,omcintyre,888,169,31,6,1057,37,164
chzaib8,nasakennedy,53,0,3802,55,53,3857,57
victorcima,space_station,34,0,8043,589,34,8632,5
quasarsm,nasa,30,3,55903,8677,33,64580,35
astroduff,swinburne,803,112,101,19,915,120,39
vahidavid,nasa,1,3,55903,8677,4,64580,0
torybruno,robotbeat,1379,106,51,9,1485,60,125
srbeyond,nasa,5,0,55903,8677,5,64580,1
starzanplanets,merrdiff,448,67,120,20,515,140,101
setiinstitute,allplanets,275,12,66,3,287,69,284
doughensel,spacex,12,1,9247,328,13,9575,5
foreman_mike,astro_wheels,242,15,185,7,257,192,420
fyller85,nasa,21,0,55903,8677,21,64580,25
noisyastronomer,starstryder,396,62,108,19,458,127,331
badastronomer,maryemcglynn,389,46,6,1,435,7,32
nasahqphoto,nasa_sls,132,6,213,16,138,229,859
tammyboeckman,nasa,4,0,55903,8677,4,64580,1
astro_timpeake,john_northants,294,33,10,2,327,12,81
liamthebrewer,nasa,31,0,55903,8677,31,64580,17
realmarkadkins,nasa,17,0,55903,8677,17,64580,20
omniscientsan,nasa,7,1,55903,8677,8,64580,2
megamousegunner,nasa,10,0,55903,8677,10,64580,6
starzanplanets,arjaroxe,448,67,7,5,515,12,20
volunteerbernie,nasa,2,2,55903,8677,4,64580,3
lkrauss1,bigthink,181,15,3,2,196,5,110
23darose,spacedotcom,47,2,4724,125,49,4849,57
issaboveyou,iss_research,2372,2,4199,61,2374,4260,112
nickastronomer,ausandgie7,1203,166,53,8,1369,61,137
pos51,nasa,26,0,55903,8677,26,64580,11
nasa_technology,nasa_wallops,244,7,112,3,251,115,836
summer_ash,nhuntwalker,793,73,222,72,866,294,40
nickastronomer,bis_spaceflight,1203,166,43,1,1369,44,261
fili41,nasa,64,0,55903,8677,64,64580,74
lisaharveysmith,strom_m,470,27,31,17,497,48,36
spacey200000,nasa,16,0,55903,8677,16,64580,30
astronomolly,benneholwerda,718,99,162,20,817,182,131
esascience,mggttaylor,181,14,158,13,195,171,430
stratofortress9,nasa,78,2,55903,8677,80,64580,201
mdmonir52504580,spacedotcom,43,0,4724,125,43,4849,60
micha_louis,nasa,16,3,55903,8677,19,64580,8
wickedkender,nasa,7,0,55903,8677,7,64580,3
dalcantonjd,invaderxan,677,164,32,1,841,33,83
iliveinma,nasa_astronauts,36,52,3739,63,88,3802,5
astro_timpeake,esa_eac,294,33,199,12,327,211,344
joncanttweet,nasa,70,0,55903,8677,70,64580,178
algotechnews,spacex,22,3,9247,328,25,9575,0
joguuybeer,nasa,33,9,55903,8677,42,64580,4
astro_aggie,ingallsimages,164,14,56,2,178,58,208
elliotfriend,nasa,20,0,55903,8677,20,64580,8
coreyspowell,popsci,429,83,80,5,512,85,342
nasagoddard,scifri,466,18,86,5,484,91,843
ianakki07,neiltyson,6,0,10053,253,6,10306,4
planet4589,pkgw,888,169,25,1,1057,26,36
dalcantonjd,astrotweeps,677,164,186,23,841,209,160
torybruno,themarsgen,1379,106,31,2,1485,33,188
astronomolly,sondy,718,99,422,82,817,504,134
bbijit,nasa,5,2,55903,8677,7,64580,9
chrislintott,davidgalvin9,660,103,31,6,763,37,26
astro_127,spacechelle,55,2,69,6,57,75,148
astroduff,richardfpenn,803,112,23,6,915,29,107
unilateraloptio,nasa,9,0,55903,8677,9,64580,1
spacegovuk,airbusds,324,13,103,5,337,108,254
nmpanek,eamonoflynn,239,9,7,0,248,7,10
sand_ra2505,nasa,5,0,55903,8677,5,64580,1
nasasocial,orbitalatk,589,5,296,35,594,331,937
elakdawalla,theagu,683,89,37,6,772,43,382
tree26,nasa,7,0,55903,8677,7,64580,9
astro_jeremy,drcrater,107,13,139,7,120,146,109
roselmafreitas,nasa,5,0,55903,8677,5,64580,3
newhorizons2015,fcain,218,7,112,3,225,115,738
jagoff12,space_station,55,5,8043,589,60,8632,29
universenme,space_station,19,0,8043,589,19,8632,18
exploreplanets,osirisrex,291,11,382,23,302,405,828
jragga,nasa,13,1,55903,8677,14,64580,9
spookyrituals,nasa,0,2,55903,8677,2,64580,2
elakdawalla,sumnerd,683,89,12,2,772,14,79
tim_radio,nasa,1,3,55903,8677,4,64580,2
aliensdance,nasa,35,0,55903,8677,35,64580,76
moefingerhands,nasa,4,0,55903,8677,4,64580,0
startalkradio,sarahcottentail,731,46,25,2,777,27,29
virusgeneral,nasa,18,0,55903,8677,18,64580,10
kompananzi,nasa,3,5,55903,8677,8,64580,29
chrislintott,spaceyliz,660,103,14,0,763,14,119
saastronomy,nasa,17,3,55903,8677,20,64580,17
rick24516423,nasa,0,2,55903,8677,2,64580,0
theparrinder,nasa,22,0,55903,8677,22,64580,31
nasa,osirisrex,381,34,382,23,415,405,1365
johnmaksuta,nasa,15,3,55903,8677,18,64580,14
lrperezalfonzo,nasa,9,0,55903,8677,9,64580,3
thatdudemb,nasa,0,3,55903,8677,3,64580,0
esa_caves,ausandgie7,329,12,53,8,341,61,96
nliteninc,nasa,2,3,55903,8677,5,64580,12
agentorange79,nasa,0,2,55903,8677,2,64580,14
kimberlymallett,space_station,44,4,8043,589,48,8632,74
chris_tibbs,esa_exomars,47,1,1231,6,48,1237,66
cryptokong,esa_rosetta,7,5,4545,304,12,4849,23
universetoday,drphiltill,1492,21,65,5,1513,70,628
alex_parker,brianwolven,1175,160,295,52,1335,347,132
kumpoidol,nasa,72,8,55903,8677,80,64580,1
astro_cady,drmlb,318,9,13,0,327,13,32
bethbeck,nasa,81,0,55903,8677,81,64580,609
drphilmarshall,e_astronomer,248,36,64,9,284,73,51
ryanwvoll,nasa,87,10,55903,8677,97,64580,96
carolinaraulino,nasa,11,0,55903,8677,11,64580,4
altepper,nasa,27,1,55903,8677,28,64580,33
caseydreier,nasa,51,2,55903,8677,53,64580,341
therealkaivik,nasa,29,8,55903,8677,37,64580,17
cosmic_horizons,drarnakarick,523,148,71,9,671,80,39
astro_aggie,astro_wheels,164,14,185,7,178,192,545
chadwickadams83,nasa,7,1,55903,8677,8,64580,12
catherineq,kmccoy,686,98,8,3,784,11,82
fu_kwok,nasa,29,0,55903,8677,29,64580,24
astro_tj,space_lectures,130,6,80,2,136,82,228
setiinstitute,nellybenhayoun,275,12,7,2,287,9,57
doctor_astro,spasmunkey,338,31,92,2,369,94,153
goddess7n,nasa,15,0,55903,8677,15,64580,19
karenlmasters,portsmouthuni,383,31,24,0,414,24,15
karenlmasters,realscientists,383,31,99,16,414,115,181
avramovk,cassinisaturn,48,0,3863,85,48,3948,40
sofiatelescope,nasa,81,0,55903,8677,81,64580,965
spacegovuk,davidbflower,324,13,122,1,337,123,217
jstephengagnon,nasa,20,0,55903,8677,20,64580,37
xmuxaux,nasa,26,0,55903,8677,26,64580,34
astrodot,b0yle,335,8,86,2,343,88,296
flygirlsseries,nasa,5,0,55903,8677,5,64580,24
localjoost,esa_rosetta,25,0,4545,304,25,4849,24
astronomolly,profmike_m,718,99,115,18,817,133,60
fonzlennon,nasa,2,2,55903,8677,4,64580,0
coreyspowell,bhgross144,429,83,9,0,512,9,49
universetoday,jpmajor,1492,21,165,18,1513,183,515
davidwhogg,mjibrown,571,104,124,30,675,154,53
noisyastronomer,downhereonearth,396,62,38,4,458,42,109
alisonleary1,nasa,22,0,55903,8677,22,64580,68
henriapophenius,spacex,59,1,9247,328,60,9575,115
stormrider110,nasa,1,3,55903,8677,4,64580,7
astrokatie,lorengrush,775,102,49,10,877,59,190
astrokatie,osirisrex,775,102,382,23,877,405,467
astro_aggie,tweetsoutloud,164,14,155,13,178,168,256
beta7050,spacedotcom,28,0,4724,125,28,4849,47
nickastronomer,libbyjackson__,1203,166,30,2,1369,32,181
startalkradio,carolynporco,731,46,150,10,777,160,311
midorikocak,nasa,38,0,55903,8677,38,64580,59
planet4589,peterdedmonds,888,169,115,14,1057,129,173
ase_astronauts,nasa,47,0,55903,8677,47,64580,231
startalkradio,upportunityu,731,46,13,1,777,14,185
russellmanthy,nasa,10,0,55903,8677,10,64580,32
ironerf,nasa,42,0,55903,8677,42,64580,84
deefa45,nasa,21,1,55903,8677,22,64580,13
dr_lucie,ellenstofan,619,24,71,6,643,77,92
fleuretone,nasa,6,0,55903,8677,6,64580,4
johnnie50,nasa,37,4,55903,8677,41,64580,131
chrislintott,esa_edm,660,103,299,24,763,323,192
esa_rosetta,hirise,161,2,131,10,163,141,671
jdegange,nasa,29,0,55903,8677,29,64580,20
astro_mike,mets,344,15,34,1,359,35,35
jhjones,susanbellfilm,449,49,60,8,498,68,87
catherineq,spasmunkey,686,98,92,2,784,94,291
torybruno,dougontech,1379,106,14,2,1485,16,39
idfcmoran,nasa,0,4,55903,8677,4,64580,16
andresdavid,nasa,57,0,55903,8677,57,64580,289
cosmicpinot,lindaunobel,257,53,16,2,310,18,27
lusomadeirense,nasa,2,3,55903,8677,5,64580,0
iqad370,space_station,1,2,8043,589,3,8632,1
astronomolly,drrubidium,718,99,69,12,817,81,55
noisyastronomer,startorialist,396,62,201,16,458,217,125
summer_ash,astroathens,793,73,14,0,866,14,97
ellenstofan,nasa,55,0,55903,8677,55,64580,466
jamaicaomollard,nasa,25,0,55903,8677,25,64580,32
boywonerelroy1,nasa,33,5,55903,8677,38,64580,127
spaceanswers,marscuriosity,106,6,7139,52,112,7191,398
ahmdmuizz,nasa,22,0,55903,8677,22,64580,3
danpx2,spacex,88,5,9247,328,93,9575,190
embraceape,nasa,10,4,55903,8677,14,64580,13
planet4589,aussiastronomer,888,169,95,16,1057,111,121
asrivkin,planetdr,695,130,783,153,825,936,203
nallarthor,nasa,4,0,55903,8677,4,64580,4
planet4589,nasawatch,888,169,68,14,1057,82,272
astro_davids,drcrater,190,16,139,7,206,146,93
spacegamesfed,nasa,63,1,55903,8677,64,64580,347
jrichardgott,robertgaristo,71,6,31,8,77,39,43
susanbernardo,space_station,9,0,8043,589,9,8632,9
astroduff,jontihorner,803,112,31,5,915,36,65
planet4589,jqmcd,888,169,12,1,1057,13,14
astrodot,sallyridesci,335,8,21,3,343,24,190
vrooje,geerthub,394,81,134,14,475,148,96
therealmrcheeks,nasa,1,3,55903,8677,4,64580,0
malo_j,nasa,20,4,55903,8677,24,64580,54
jennasindle,nasa,0,4,55903,8677,4,64580,13
danielpcosta,nasa,23,0,55903,8677,23,64580,4
starzanplanets,ngc3314,448,67,96,10,515,106,57
quasarsm,space_station,30,3,8043,589,33,8632,26
luckymarley06,nasa,4,0,55903,8677,4,64580,7
tamaraalexis,space_station,31,2,8043,589,33,8632,21
tikkami,space_station,18,6,8043,589,24,8632,24
hollandspacecen,space_station,99,0,8043,589,99,8632,222
almasano,nasa,7,0,55903,8677,7,64580,2
nasa,nasasunearth,381,34,125,11,415,136,1069
elakdawalla,yazziesays,683,89,10,1,772,11,106
nasagoddard,nasa_tess,466,18,17,4,484,21,151
torybruno,danspace77,1379,106,16,2,1485,18,220
astro_timpeake,libbyjackson__,294,33,30,2,327,32,255
ohsyrus_,nasa,4,0,55903,8677,4,64580,0
greatscotgary,nasa,6,0,55903,8677,6,64580,32
camilamendezn,nasa,5,0,55903,8677,5,64580,2
lonelyprobe,nasa,61,0,55903,8677,61,64580,277
smleemon,nasa,8,5,55903,8677,13,64580,4
upulie,nasa,88,1,55903,8677,89,64580,417
kennethmjohnson,nasakennedy,35,0,3802,55,35,3857,39
danielladotti,nasa,0,2,55903,8677,2,64580,4
engineerakadir,nasa,15,0,55903,8677,15,64580,22
spaceius,nasa,7,0,55903,8677,7,64580,0
dalcantonjd,eteq,677,164,56,6,841,62,53
trainwreckradio,nasa,18,0,55903,8677,18,64580,38
scorpio4shizzle,space_station,51,0,8043,589,51,8632,41
gearymk,space_station,17,5,8043,589,22,8632,12
teshawnedmonds,nasa,6,0,55903,8677,6,64580,29
cosmic_horizons,marcuschown,523,148,20,2,671,22,15
astro_aggie,tungsten_flight,164,14,49,2,178,51,219
off_mybeat,spacedotcom,22,2,4724,125,24,4849,19
upportunityu,startalkradio,83,1,1136,8,84,1144,185
nasakennedy,osirisrex,345,13,382,23,358,405,873
astronomolly,demitrimuna,718,99,57,12,817,69,38
jetdext,nasa,39,0,55903,8677,39,64580,100
nickastronomer,pilliarscreatio,1203,166,33,4,1369,37,263
astro_sandy,dittmarml,31,0,13,0,31,13,178
4n0rdc,nasa,57,17,55903,8677,74,64580,43
whymandesign,nasa,47,3,55903,8677,50,64580,20
lawr_and_syl,nasa,0,2,55903,8677,2,64580,0
cicoil,spacedotcom,46,1,4724,125,47,4849,74
astro2fish,bubbaradio,128,7,4,0,135,4,2
kalyugee_raavan,nasa,22,0,55903,8677,22,64580,1
nasa_johnson,astro_wheels,200,7,185,7,207,192,869
betulland,johnrsports,47,8,53,4,55,57,10
jkamecki,nasa,61,0,55903,8677,61,64580,35
sabrinaselva1,nasa,105,0,55903,8677,105,64580,73
nasa360,space_station,74,1,8043,589,75,8632,702
astro_timpeake,space_tom,294,33,13,0,327,13,95
spacex,popsci,185,2,80,5,187,85,1533
astrokatie,jpdowling,775,102,4,3,877,7,20
prettyiight,nasa,0,2,55903,8677,2,64580,0
niais,merrdiff,265,36,120,20,301,140,100
exploreplanets,nasa_dawn,291,11,234,16,302,250,1216
asrivkin,cathomas09,695,130,43,8,825,51,48
startalkradio,rainmaker1973,731,46,108,9,777,117,167
lupa1062,nasa,0,14,55903,8677,14,64580,0
jhjones,sungrazercomets,449,49,76,10,498,86,84
sabrinaselva1,space_station,105,0,8043,589,105,8632,58
urban_tom,nasa,2,3,55903,8677,5,64580,4
lanaschola,nasa,10,0,55903,8677,10,64580,5
alex_parker,susanbellfilm,1175,160,60,8,1335,68,147
ghemeurasdad,nasa,27,4,55903,8677,31,64580,1
fox10phoenix,nasa,6,0,55903,8677,6,64580,91
sabahesyreg,esa,11,0,5155,135,11,5290,12
ruisaldanha,nasa,30,0,55903,8677,30,64580,109
mesastem,nasa,11,0,55903,8677,11,64580,15
astronomolly,jasonkalirai,718,99,25,0,817,25,102
caliadomenico,cassinisaturn,76,1,3863,85,77,3948,175
priscillakauf,nasa,4,0,55903,8677,4,64580,10
alex_parker,otherorbscience,1175,160,56,12,1335,68,140
sharnakeolove,nasa,5,2,55903,8677,7,64580,12
1hubbleradio,nasagoddard,69,0,2786,23,69,2809,104
raakwork,esa_rosetta,13,0,4545,304,13,4849,12
astroduff,kumitaguchi,803,112,11,1,915,12,22
badastronomer,mikamckinnon,389,46,147,16,435,163,377
michaelrennick,nasa,16,0,55903,8677,16,64580,49
johnnypappas,nasa,15,12,55903,8677,27,64580,20
nmpanek,jenngustetic,239,9,15,1,248,16,56
astrokatie,lukedones,775,102,246,45,877,291,160
spaceflightins,space_station,114,0,8043,589,114,8632,643
alex_parker,startorialist,1175,160,201,16,1335,217,128
cosmic_horizons,nasawatch,523,148,68,14,671,82,30
vrooje,nhuntwalker,394,81,222,72,475,294,28
itsaadityaa,nasa,23,0,55903,8677,23,64580,5
bryn00,esa_rosetta,16,0,4545,304,16,4849,30
fueladdicts,nasa,17,2,55903,8677,19,64580,17
summer_ash,shaka_lulu,793,73,133,22,866,155,198
doctor_astro,nasa_wallops,338,31,112,3,369,115,145
bernardo4real,nasa,7,0,55903,8677,7,64580,4
astro_reid,tracedominguez,349,36,15,0,385,15,77
pamfloresmusic,nasa,12,0,55903,8677,12,64580,9
nickastronomer,ibookery,1203,166,3,2,1369,5,43
herbalyfe,nasa,0,2,55903,8677,2,64580,0
cosmicpinot,science_academy,257,53,48,4,310,52,98
willgater,tmac_taunton,499,18,7,1,517,8,10
astro_alex,dlr_en,126,18,73,3,144,76,388
cosmic_horizons,nhuntwalker,523,148,222,72,671,294,16
keshav4kool,nasa,3,2,55903,8677,5,64580,2
caracol,nasa,44,0,55903,8677,44,64580,70
cosmosontv,pharaoness,85,2,38,3,87,41,94
alex_parker,kennicosmith,1175,160,45,4,1335,49,266
tpscholl,nasa,0,2,55903,8677,2,64580,1
dalcantonjd,lukedones,677,164,246,45,841,291,76
spacedotcom,collectspace,260,1,55,0,261,55,409
drphilmarshall,astronomyblog,248,36,163,20,284,183,63
spacenews_inc,nasa_sls,281,19,213,16,300,229,510
pablorc43,nasa,25,0,55903,8677,25,64580,46
technewsmidwest,nasa,35,0,55903,8677,35,64580,133
saphyresilver,nasa,0,2,55903,8677,2,64580,14
astro_reid,trevormahlmann,349,36,20,0,385,20,200
hofstetter_mary,spacedotcom,20,0,4724,125,20,4849,30
astrodot,carbon_flight,335,8,89,5,343,94,234
cosmicpinot,cosmos4u,257,53,186,34,310,220,129
nefaeriest,nasa,7,1,55903,8677,8,64580,6
lubrownwhite,nasa,0,2,55903,8677,2,64580,6
santanagarcia27,nasa,7,2,55903,8677,9,64580,2
nasa,astro_wheels,381,34,185,7,415,192,1145
starzanplanets,cyborgn8vmari,448,67,12,1,515,13,3
rjmendera,nasa,7,2,55903,8677,9,64580,12
elakdawalla,masequeira1,683,89,35,4,772,39,31
dbstar25,nasa,66,0,55903,8677,66,64580,187
drfunkyspoon,babydok123,628,95,6,0,723,6,7
catherineq,kejames,686,98,136,28,784,164,238
sarahkendrew,astrokatey,504,85,39,11,589,50,71
bollmannatalie,nasa,0,2,55903,8677,2,64580,1
biancaaddison,nasa,0,2,55903,8677,2,64580,3
emilylurice,acapellascience,418,43,8,0,461,8,15
esascience,esa_edm,181,14,299,24,195,323,508
therianstrauss,nasa,13,0,55903,8677,13,64580,2
theuniverse_tm,davidbflower,159,3,122,1,162,123,149
eurogeosciences,nasa,27,3,55903,8677,30,64580,236
kayenne22,nasa,6,18,55903,8677,24,64580,28
davidwhogg,hubbahubble,571,104,180,19,675,199,91
asrivkin,amymainzer,695,130,60,2,825,62,119
nickastronomer,airandspace,1203,166,105,6,1369,111,321
summer_ash,startorialist,793,73,201,16,866,217,157
willgater,_thegeoff,499,18,17,1,517,18,45
nasapeople,nasa,63,2,55903,8677,65,64580,477
davidmwarnke,space_station,8,4,8043,589,12,8632,5
joguuybeer,neiltyson,33,9,10053,253,42,10306,2
keathmarx,nasa,19,1,55903,8677,20,64580,16
sannsibble,space_station,91,0,8043,589,91,8632,153
anthonybartol15,nasa,6,3,55903,8677,9,64580,1
astro_timpeake,spacecentre,294,33,39,0,327,39,236
kevindavis338,nasa,26,0,55903,8677,26,64580,81
halohooper,nasa,9,11,55903,8677,20,64580,2
sarahkendrew,astronomyblog,504,85,163,20,589,183,122
tanyamariev,nasa,6,0,55903,8677,6,64580,1
stationcdrkelly,amikokauderer,64,4,43,5,68,48,290
cntroversyincda,space_station,71,7,8043,589,78,8632,20
astroduff,aus_scienceweek,803,112,35,3,915,38,125
cosmicpinot,cwmagee,257,53,27,3,310,30,28
albertfeynman,nasa,65,9,55903,8677,74,64580,84
portland_ghosts,cassinisaturn,199,116,3863,85,315,3948,15
wisemanryder,nasa,9,3,55903,8677,12,64580,4
juliansapp,nasa,75,2,55903,8677,77,64580,238
sethshostak,sarahcruddas,29,4,47,4,33,51,95
dr_lucie,tim_o_brien,619,24,58,3,643,61,162
mortimerzilch,nasa,40,0,55903,8677,40,64580,69
coreyspowell,startswithabang,429,83,88,31,512,119,234
zerstaubung,esa,78,10,5155,135,88,5290,78
xtrmluke1,nasa,0,2,55903,8677,2,64580,1
ipressthis,nasa,0,3,55903,8677,3,64580,40
doctor_astro,nasa_dawn,338,31,234,16,369,250,214
iliveinma,space_station,36,52,8043,589,88,8632,4
asrivkin,brianwolven,695,130,295,52,825,347,91
astro_reid,aqua_ogriofa,349,36,19,5,385,24,74
meitisumantr,nasa,4,0,55903,8677,4,64580,4
simrob72,nasa,4,2,55903,8677,6,64580,14
astro_cady,nasaedu,318,9,44,2,327,46,411
silviakspiva,nasa,3,2,55903,8677,5,64580,162
doctor_astro,cirquelar,338,31,81,13,369,94,142
beverlybuckhor2,space_station,13,0,8043,589,13,8632,8
startalkradio,intrepidmuseum,731,46,143,3,777,146,169
me_too,esa_rosetta,52,1,4545,304,53,4849,154
dhananjayasia,space_station,2,5,8043,589,7,8632,6
jmandres69,nasa,22,0,55903,8677,22,64580,2
planet4589,vacant3rdman,888,169,44,5,1057,49,68
tito_titox,spacedotcom,53,1,4724,125,54,4849,82
spacenews_inc,aerojetrdyne,281,19,36,1,300,37,289
smoked2theleft,nasa,7,0,55903,8677,7,64580,10
robotbeat,nasa,30,1,55903,8677,31,64580,202
jhjones,rtphokie,449,49,15,0,498,15,70
angelbrise67,csa_asc,7,0,1582,13,7,1595,30
vineca,nasa,12,1,55903,8677,13,64580,13
astrokatie,physicsmatt,775,102,33,2,877,35,109
drphilmarshall,peoplesastro,248,36,54,3,284,57,49
designdatagmbh,esa_rosetta,18,0,4545,304,18,4849,119
castme4u,nasa,7,0,55903,8677,7,64580,4
cocowdt,nasa,4,0,55903,8677,4,64580,0
esascience,sungrazercomets,181,14,76,10,195,86,326
catherineq,girlyratfish,686,98,2,2,784,4,25
zacharycohn,nasa,10,0,55903,8677,10,64580,27
astropixie,ausandgie7,416,43,53,8,459,61,58
the_solarsystem,spacettf,847,1,65,1,848,66,181
toolipty,nasa,6,0,55903,8677,6,64580,0
njiru_bob,nasa,6,0,55903,8677,6,64580,1
aims600doc,nasa_orion,16,4,2923,59,20,2982,11
scibry,astrokatey,267,10,39,11,277,50,78
vrfocus,nasa,0,2,55903,8677,2,64580,124
michael_w_busch,canberradsn,649,152,85,3,801,88,52
badastronomer,fcain,389,46,112,3,435,115,781
cosmicpinot,wef,257,53,10,0,310,10,23
nickastronomer,awesomeastropod,1203,166,22,2,1369,24,230
willgater,m_vandenbrouck,499,18,10,0,517,10,18
karenlmasters,chrisenorth,383,31,76,6,414,82,152
esaoperations,canberradsn,425,27,85,3,452,88,288
space_station,commercial_crew,267,27,120,2,294,122,848
lindyloo1979,nasa,72,0,55903,8677,72,64580,87
stefanvalianu,nasa,12,0,55903,8677,12,64580,13
dalcantonjd,startorialist,677,164,201,16,841,217,87
revo_ty,esa_rosetta,10,0,4545,304,10,4849,2
asrivkin,lukedones,695,130,246,45,825,291,108
jxs606,nasa,27,0,55903,8677,27,64580,109
beisensors,spacedotcom,12,0,4724,125,12,4849,14
starlinglx,astro_andre,75,1,605,3,76,608,196
ronbaalke,nasa,79,0,55903,8677,79,64580,532
tate_jesus_chri,esa,93,27,5155,135,120,5290,0
imagine758,nasa,13,1,55903,8677,14,64580,35
nasa,nasa_sls,381,34,213,16,415,229,1366
lutfarrahaman13,nasa,19,0,55903,8677,19,64580,17
abyiglass,nasa,5,0,55903,8677,5,64580,0
davidwhogg,michelle_lmc,571,104,106,22,675,128,80
spacegovuk,virtualastro,324,13,35,1,337,36,372
vrooje,michealjroberts,394,81,46,18,475,64,58
astroduff,mjibrown,803,112,124,30,915,154,85
jannalevin,peterdedmonds,185,30,115,14,215,129,87
drfunkyspoon,davidbflower,628,95,122,1,723,123,117
beverlybuckhor2,nasa,13,0,55903,8677,13,64580,9
randomspacefact,cosmos4u,189,8,186,34,197,220,204
williamtheb,nasa,8,0,55903,8677,8,64580,30
emilylurice,merrdiff,418,43,120,20,461,140,112
emilylurice,startorialist,418,43,201,16,461,217,117
cosmic_citizen,nasa,24,0,55903,8677,24,64580,14
nickastronomer,peoplesastro,1203,166,54,3,1369,57,294
nasajpl,nasakepler,352,20,309,24,372,333,2066
gregvarnum,nasa,60,0,55903,8677,60,64580,46
astro_reid,ian_benecken,349,36,46,5,385,51,172
sethshostak,arielwaldman,29,4,74,1,33,75,122
fakeastropix,nasa,21,2,55903,8677,23,64580,172
jospencegames,nasa,0,2,55903,8677,2,64580,2
starzanplanets,13adh13,448,67,24,2,515,26,9
jasoncrg,nasa,0,3,55903,8677,3,64580,5
official_micro,nasa,35,0,55903,8677,35,64580,43
beikimco,nasa,35,1,55903,8677,36,64580,58
emilylurice,kejames,418,43,136,28,461,164,97
katehabrel,astro_mike,74,2,2034,24,76,2058,53
jandcando,nasa,19,6,55903,8677,25,64580,11
doctor_astro,womenysk,338,31,5,0,369,5,8
spacegovuk,destin_space,324,13,8,1,337,9,110
dlr_en,philae2014,68,0,2670,22,68,2692,444
shemoptizza,nasa,91,80,55903,8677,171,64580,0
burrnoel,nasa,0,2,55903,8677,2,64580,1
setiinstitute,physorg_com,275,12,78,7,287,85,896
michmerc,nasasocial,42,0,2340,8,42,2348,94
lisaharveysmith,thereminfan,470,27,10,0,497,10,23
spacenews_inc,usairforce,281,19,79,4,300,83,199
dalcantonjd,hubbahubble,677,164,180,19,841,199,106
me_albar1,nasa_orion,23,41,2923,59,64,2982,5
502spacexfan,nasa,22,3,55903,8677,25,64580,29
jhjones,mobriensmmusd,449,49,10,1,498,11,6
elakdawalla,planetdr,683,89,783,153,772,936,716
esa_caves,esastro_trainer,329,12,35,5,341,40,140
sierranevcorp,nasa,37,1,55903,8677,38,64580,440
marscuriosity,maven2mars,199,15,158,2,214,160,1303
gerardobarbosa,neiltyson,38,1,10053,253,39,10306,49
astromol_,nasajpl,36,0,4957,65,36,5022,63
stemopotamus,nasa,26,0,55903,8677,26,64580,20
melisicp,spacedotcom,75,0,4724,125,75,4849,193
cosmic_horizons,polyman71,523,148,5,3,671,8,8
nasa_orion,gracepotter,280,5,20,0,285,20,26
astrokatie,starstryder,775,102,108,19,877,127,451
wamol2117,nasa,31,2,55903,8677,33,64580,64
planet4589,drmrfrancis,888,169,258,52,1057,310,238
coreyspowell,drmrfrancis,429,83,258,52,512,310,256
drfunkyspoon,esa_edm,628,95,299,24,723,323,147
jameschesters,nasa,23,0,55903,8677,23,64580,22
rocketmanjrs,esa_rosetta,141,33,4545,304,174,4849,92
torybruno,natreconofc,1379,106,19,2,1485,21,128
the_solarsystem,nasakepler,847,1,309,24,848,333,492
tatankayutanka,space_station,2,4,8043,589,6,8632,2
danaelizabeth69,nasa,15,5,55903,8677,20,64580,26
contemprainn,nasa,55,0,55903,8677,55,64580,174
tariqjmalik,spacex,122,2,9247,328,124,9575,470
drphilmarshall,philipbull,248,36,21,4,284,25,20
leauickque,nasa,52,0,55903,8677,52,64580,142
svbizrosie,spacex,7,0,9247,328,7,9575,7
3windtiger88,neiltyson,0,3,10053,253,3,10306,2
spacegovuk,royalastrosoc,324,13,82,6,337,88,323
usgao,nasa,7,0,55903,8677,7,64580,155
davidwhogg,astronomeara,571,104,101,9,675,110,75
thelaurenirby,nasa,9,0,55903,8677,9,64580,26
corporalbruno,nasa,75,4,55903,8677,79,64580,138
jhjones,jane_macarthur,449,49,59,3,498,62,59
markmccaughrean,esa_rosetta,35,6,4545,304,41,4849,270
astrorm,shuttlealmanac,155,3,57,6,158,63,301
aterrapoker,nasa,5,0,55903,8677,5,64580,2
mnshr,nasa,24,0,55903,8677,24,64580,27
noisyastronomer,mikamckinnon,396,62,147,16,458,163,171
doctor_astro,sachi_bbsr,338,31,12,0,369,12,39
startalkradio,mishalawless,731,46,4,2,777,6,4
ibookery,nasa,26,0,55903,8677,26,64580,74
nasa_johnson,astro_ellen,200,7,12,0,207,12,136
elakdawalla,cirquelar,683,89,81,13,772,94,372
nccomfort,drfunkyspoon,8,0,523,11,8,534,28
sufanbowserjr,nasa,78,14,55903,8677,92,64580,16
masoomjethwa,nasa,57,5,55903,8677,62,64580,114
angelite83,nasa,14,0,55903,8677,14,64580,36
nasagoddard,abc7news,466,18,6,0,484,6,52
leacasa,nasa,21,0,55903,8677,21,64580,17
jhjones,maven2mars,449,49,158,2,498,160,111
jannalevin,reneehlozek,185,30,97,14,215,111,80
asrivkin,astrotweeps,695,130,186,23,825,209,137
ushosecorp,nasa,11,0,55903,8677,11,64580,9
ilovemarsfans,spacex,63,0,9247,328,63,9575,258
drfunkyspoon,robotbeat,628,95,51,9,723,60,75
voyagee_air,nasa,7,2,55903,8677,9,64580,0
egiarina100,astro_luca,25,0,1131,3,25,1134,10
astro_kate7,spasmunkey,71,0,92,2,71,94,285
sciencefocus,esa,44,0,5155,135,44,5290,164
carlosbattousai,nasa,24,0,55903,8677,24,64580,3
planet4589,esa_edm,888,169,299,24,1057,323,198
john_northants,space_station,51,0,8043,589,51,8632,94
nasakennedy,spaceport_mag,345,13,26,1,358,27,171
mattfromri,nasa,28,0,55903,8677,28,64580,7
nasasocial,airandspace,589,5,105,6,594,111,824
chrislintott,ngc3314,660,103,96,10,763,106,78
realindytaiis24,nasa,6,5,55903,8677,11,64580,13
nasagoddard,nasagiss,466,18,21,2,484,23,286
kimberlymallett,nasa,44,4,55903,8677,48,64580,104
nocturnal_roses,nasa,0,2,55903,8677,2,64580,1
odetomeatballs,nasa,11,4,55903,8677,15,64580,3
princedignity,spacedotcom,15,0,4724,125,15,4849,8
astroterry,ingallsimages,60,1,56,2,61,58,259
astro_luca,angelitakiz,326,12,157,5,338,162,20
esascience,esaherschel,181,14,74,7,195,81,620
nasagoddard,nasa_wallops,466,18,112,3,484,115,984
boulderknolls,nasa,51,0,55903,8677,51,64580,41
d33psp33d,space_station,12,0,8043,589,12,8632,5
jannalevin,worldscifest,185,30,57,2,215,59,109
summer_ash,upulie,793,73,129,17,866,146,197
elakdawalla,alexwitze,683,89,72,15,772,87,484
danpx2,nasa,88,5,55903,8677,93,64580,211
alexismalll,nasa,28,0,55903,8677,28,64580,16
red4eva71,nasa,2,7,55903,8677,9,64580,32
elakdawalla,starstryder,683,89,108,19,772,127,549
subitusnex,nasa_orion,6,6,2923,59,12,2982,7
glennlibrary,nasa,48,0,55903,8677,48,64580,109
dr_lucie,bbcstargazing,619,24,218,12,643,230,245
michael_w_busch,merrdiff,649,152,120,20,801,140,62
dlr_en,esa_rosetta,68,0,4545,304,68,4849,544
melsolis_522,nasa,0,3,55903,8677,3,64580,2
marycuda,nasa,7,0,55903,8677,7,64580,7
phdexplore,esa_rosetta,43,1,4545,304,44,4849,26
astrodot,themarsgen,335,8,31,2,343,33,197
drphilmarshall,aagie,248,36,43,4,284,47,77
poorlostsoul,nasa,6,6,55903,8677,12,64580,3
astro_alex,esa_eac,126,18,199,12,144,211,321
nadiachilmonik,nasa,27,0,55903,8677,27,64580,11
iliveinma,nasakennedy,36,52,3802,55,88,3857,3
astro_mike,tweetsoutloud,344,15,155,13,359,168,477
genre0001,neiltyson,12,2,10053,253,14,10306,3
krasovskii77,nasa,32,9,55903,8677,41,64580,7
summer_ash,mcnees,793,73,271,63,866,334,128
antonioreyx360,nasa,3,3,55903,8677,6,64580,6
fabborblog,spacedotcom,66,0,4724,125,66,4849,107
degenerates0ul,nasa,0,3,55903,8677,3,64580,2
nickastronomer,meteoritemen,1203,166,53,4,1369,57,148
aliensbyuranus,nasa,17,10,55903,8677,27,64580,5
chrislintott,drarnakarick,660,103,71,9,763,80,78
marsroveruh,esa_rosetta,54,7,4545,304,61,4849,110
nasablueshift,sofiatelescope,184,1,79,4,185,83,521
ryanstrug,nasa,12,3,55903,8677,15,64580,15
stargazerfred,bbcstargazing,295,51,218,12,346,230,92
elakdawalla,_theseaning,683,89,6,3,772,9,73
tariqjmalik,spacedotcom,122,2,4724,125,124,4849,448
parkerjthomas,nasa,37,0,55903,8677,37,64580,7
torybruno,toddharrisondc,1379,106,4,0,1485,4,28
pottruffkaren1,nasa,13,0,55903,8677,13,64580,4
astrokatie,itsa_talia,775,102,9,4,877,13,5
astropixie,jen_gupta,416,43,120,9,459,129,96
astronomolly,allplanets,718,99,66,3,817,69,107
ryoji2001,nasa,14,1,55903,8677,15,64580,9
emilylurice,mad_science_guy,418,43,40,16,461,56,45
cosmic_horizons,fcain,523,148,112,3,671,115,64
esa_exomars,esa_edm,68,0,299,24,68,323,596
astro_cady,astro_nicole,318,9,94,2,327,96,655
scibry,profmike_m,267,10,115,18,277,133,62
noisyastronomer,cnn,396,62,57,14,458,71,110
iac2018,nasa,14,0,55903,8677,14,64580,29
torybruno,john_gardi,1379,106,39,1,1485,40,48
indiffrency,space_station,6,9,8043,589,15,8632,5
alex_parker,alexwitze,1175,160,72,15,1335,87,314
f4glory,iss_research,41,11,4199,61,52,4260,17
dalcantonjd,aussiastronomer,677,164,95,16,841,111,97
john67403582,space_station,11,0,8043,589,11,8632,3
ipsitu,nasa,0,2,55903,8677,2,64580,0
jmrozada,nasa,65,1,55903,8677,66,64580,166
patricia9116,nasa,7,0,55903,8677,7,64580,11
dannytheinfidel,nasa,23,8,55903,8677,31,64580,26
davidhovsepian,nasa,6,0,55903,8677,6,64580,6
nasasocial,nasa_sls,589,5,213,16,594,229,878
mikenasatir,nasa,35,0,55903,8677,35,64580,18
nasablueshift,comets77,184,1,16,1,185,17,68
ravimikkelsen,nasa,21,0,55903,8677,21,64580,18
jhjones,ulalaunch,449,49,566,37,498,603,108
stuartaken,universetoday,39,0,1844,16,39,1860,24
s__kite,nasa,10,4,55903,8677,14,64580,13
f4glory,space_station,41,11,8043,589,52,8632,16
astro_mike,danicamckellar,344,15,6,0,359,6,59
michael_w_busch,astrotweeps,649,152,186,23,801,209,100
nickastronomer,markmccaughrean,1203,166,236,44,1369,280,152
astro_aggie,amikokauderer,164,14,43,5,178,48,187
ptastro1,nasa,3,3,55903,8677,6,64580,10
danpx2,spacedotcom,88,5,4724,125,93,4849,167
cosmic_horizons,sydney_science,523,148,15,1,671,16,33
primecashguy,nasa,21,0,55903,8677,21,64580,26
astronomolly,jegpeek,718,99,251,42,817,293,79
dalcantonjd,astrokatey,677,164,39,11,841,50,77
sputnikint,nasa,11,6,55903,8677,17,64580,400
sarahkendrew,jane_macarthur,504,85,59,3,589,62,125
nasakennedy,nasa_go4launch,345,13,47,2,358,49,260
bearcubfilms,nasa,18,0,55903,8677,18,64580,37
ideologycancer,nasa,3,3,55903,8677,6,64580,0
herobright2,nasa,6,3,55903,8677,9,64580,6
claudiaalvaran2,space_station,57,0,8043,589,57,8632,42
portland_ghosts,spacex,199,116,9247,328,315,9575,18
elakdawalla,cosmos4u,683,89,186,34,772,220,456
starzanplanets,drmrfrancis,448,67,258,52,515,310,176
noisyastronomer,minitotoro,396,62,4,0,458,4,4
galileomoon,nasa,76,0,55903,8677,76,64580,449
imagineer2018,nasa,48,0,55903,8677,48,64580,178
inheritthewinds,nasa,10,3,55903,8677,13,64580,2
visithouston,nasa,10,0,55903,8677,10,64580,81
noscience4war,nasa,3,3,55903,8677,6,64580,27
iss_research,iss_casis,268,20,117,6,288,123,1153
buffer,nasa,19,0,55903,8677,19,64580,721
planet4589,nasaspaceflight,888,169,56,5,1057,61,277
jasonkingsongs,spacedotcom,39,0,4724,125,39,4849,53
ranadayo,nasa,11,0,55903,8677,11,64580,2
davidwhogg,albertoconti,571,104,41,1,675,42,117
chadmallam,nasa,63,0,55903,8677,63,64580,92
summer_ash,sharkespearean,793,73,23,2,866,25,38
mattcusson,nasa,20,0,55903,8677,20,64580,13
vanjagilbran3,nasa,0,2,55903,8677,2,64580,4
chinesesmile105,nasa,1,5,55903,8677,6,64580,0
summer_ash,drrubidium,793,73,69,12,866,81,106
the_solarsystem,ageekmom,847,1,89,9,848,98,319
3dheals,nasa,6,0,55903,8677,6,64580,28
newhorizons2015,mggttaylor,218,7,158,13,225,171,407
doublejmsu,nasa,7,0,55903,8677,7,64580,2
shahselbe,nasa,55,0,55903,8677,55,64580,172
multimrphill,nasa,4,2,55903,8677,6,64580,14
burlyg8r,nasa,15,6,55903,8677,21,64580,12
karenlmasters,dallascampbell,383,31,52,7,414,59,102
astronomolly,njgoldbaum,718,99,22,3,817,25,39
sarahkendrew,planetdr,504,85,783,153,589,936,178
astro_timpeake,dallascampbell,294,33,52,7,327,59,233
andreatdell,nasa,15,0,55903,8677,15,64580,57
ideagov,nasa,19,0,55903,8677,19,64580,135
alex_parker,mcnees,1175,160,271,63,1335,334,144
quingame59,nasa,7,2,55903,8677,9,64580,5
michmerc,nasa,42,0,55903,8677,42,64580,114
zoe_heid,nasa,4,2,55903,8677,6,64580,4
elakdawalla,markmccaughrean,683,89,236,44,772,280,244
alex_parker,sondy,1175,160,422,82,1335,504,253
rosieislameee,nasa,1,2,55903,8677,3,64580,1
mbelibrary,nasa,22,0,55903,8677,22,64580,5
whiteentitywr,nasa,5,3,55903,8677,8,64580,1
trumptrain10,nasa,4,0,55903,8677,4,64580,1
jackblue2009,nasa,7,2,55903,8677,9,64580,5
dittmarml,nasa,85,1,55903,8677,86,64580,403
catherineq,gwmck,686,98,19,2,784,21,163
esaoperations,thom_astro,425,27,221,14,452,235,635
astrobotslut,nasa,37,59,55903,8677,96,64580,1
nasagoddard,orbitalatk,466,18,296,35,484,331,979
nasaboyee,nasa,68,0,55903,8677,68,64580,75
randomspacefact,maven2mars,189,8,158,2,197,160,311
niais,upulie,265,36,129,17,301,146,108
myoxide1337,nasa,9,0,55903,8677,9,64580,46
planet4589,rachelfeltman,888,169,57,8,1057,65,142
colourstripped,nasa,0,2,55903,8677,2,64580,2
astro_tj,spacechelle,130,6,69,6,136,75,173
golddraco_13,nasa,0,3,55903,8677,3,64580,1
dr_lucie,gregfoot,619,24,10,1,643,11,57
kejames,esa_rosetta,72,4,4545,304,76,4849,234
dalcantonjd,brianwolven,677,164,295,52,841,347,61
sarahmcnight5,nasa,2,7,55903,8677,9,64580,2
cosmic_horizons,peterdedmonds,523,148,115,14,671,129,65
cosmic_horizons,bencubby,523,148,19,3,671,22,17
starzanplanets,astronomeara,448,67,101,9,515,110,82
profabelmendez,jpmajor,821,4,165,18,825,183,565
davekosar2,space_station,17,10,8043,589,27,8632,10
cosmicpinot,robertcnichol,257,53,33,3,310,36,27
longhaircowboy,nasa,13,7,55903,8677,20,64580,15
theuniverse_tm,amazingspace2,159,3,6,0,162,6,6
mattcusson,nasagoddard,20,0,2786,23,20,2809,10
nasa_technology,nasaspinoff,244,7,44,0,251,44,565
dalcantonjd,kejames,677,164,136,28,841,164,87
jordansvedman,nasa,27,0,55903,8677,27,64580,43
davidwhogg,nyuniversity,571,104,7,0,675,7,5
isat_ltd,nasa,44,0,55903,8677,44,64580,180
rana2001alex,nasa,4,0,55903,8677,4,64580,0
nasaboyee,stationcdrkelly,68,0,5228,24,68,5252,56
fujifilmx_us,nasa,0,2,55903,8677,2,64580,9
jefferyradisson,nasa,32,1,55903,8677,33,64580,43
astrokatie,esa_edm,775,102,299,24,877,323,299
wayne90921,nasa,8,1,55903,8677,9,64580,6
ask_tweety,nasa,7,1,55903,8677,8,64580,6
torybruno,osirisrex,1379,106,382,23,1485,405,355
nasa_johnson,iss_casis,200,7,117,6,207,123,1082
coreyspowell,jpmajor,429,83,165,18,512,183,419
flopflippity,nasa,14,0,55903,8677,14,64580,12
astrokarenn,commercial_crew,52,3,120,2,55,122,507
astropixie,apod,416,43,161,6,459,167,222
nelaknight,nasa,7,0,55903,8677,7,64580,9
nmpanek,astro_wheels,239,9,185,7,248,192,115
chrislintott,jonny_nichols,660,103,9,1,763,10,51
nickastronomer,spacecentre,1203,166,39,0,1369,39,150
nibiruguru,spacedotcom,29,1,4724,125,30,4849,24
heatherjminor,nasa,0,2,55903,8677,2,64580,2
hijinksandhalos,nasa,0,2,55903,8677,2,64580,3
timmermansr,nasa,72,0,55903,8677,72,64580,1191
dubengeldu,spacex,51,12,9247,328,63,9575,97
elakdawalla,marsroverdriver,683,89,47,5,772,52,370
homefronthugs,nasa,13,0,55903,8677,13,64580,64
christinafavre,nasa,39,0,55903,8677,39,64580,111
uranussideways,cassinisaturn,68,81,3863,85,149,3948,11
realbuckhandson,nasa,1,3,55903,8677,4,64580,3
emilylurice,aagie,418,43,43,4,461,47,125
jagoff12,cassinisaturn,55,5,3863,85,60,3948,35
distraughtface,nasa,4,0,55903,8677,4,64580,1
planet4589,cosmos4u,888,169,186,34,1057,220,309
madman_42,nasa,8,0,55903,8677,8,64580,22
genejm29,esa_rosetta,192,2,4545,304,194,4849,547
nickastronomer,unknownsymmetry,1203,166,30,2,1369,32,150
mlcsacha,spacedotcom,39,0,4724,125,39,4849,93
chosen_soldier,nasa,2,2,55903,8677,4,64580,3
saulo001,nasa,24,0,55903,8677,24,64580,4
vrooje,reneehlozek,394,81,97,14,475,111,112
djfrankieee,universetoday,41,1,1844,16,42,1860,34
nickastronomer,michealjroberts,1203,166,46,18,1369,64,66
drfunkyspoon,paladin1969,628,95,36,7,723,43,40
beckephysics,nasa,78,0,55903,8677,78,64580,284
pablorc43,nasa_orion,25,0,2923,59,25,2982,15
coreyspowell,osirisrex,429,83,382,23,512,405,341
travelfoodiestv,nasa,42,0,55903,8677,42,64580,79
glytchtech,nasa,15,2,55903,8677,17,64580,60
cosmicpinot,realscientists,257,53,99,16,310,115,164
exploreplanets,jasonrdavis,291,11,46,2,302,48,415
nasa_astronauts,astropeggy,62,4,68,2,66,70,530
telescoper,barristerblog,62,10,4,1,72,5,3
eso,lornibaby,186,4,6,1,190,7,77
scottytalbot,nasa,12,0,55903,8677,12,64580,11
ale_arti,nasa,27,0,55903,8677,27,64580,28
emilylurice,kevinschawinski,418,43,182,43,461,225,87
stevegrzanich,nasa,43,1,55903,8677,44,64580,129
kenzie2289,nasa,1,2,55903,8677,3,64580,7
astro_reid,astro_clay,349,36,181,8,385,189,520
gobgxu,nasa,47,5,55903,8677,52,64580,32
drjon_phys4fun,spacedotcom,30,0,4724,125,30,4849,54
elakdawalla,canberradsn,683,89,85,3,772,88,264
astropixie,planetdr,416,43,783,153,459,936,223
paulvdmerweauth,nasa,13,0,55903,8677,13,64580,3
cosmic_horizons,l0jim,523,148,4,2,671,6,1
rocketmanjrs,space_station,141,33,8043,589,174,8632,130
valenvolk,spacex,12,3,9247,328,15,9575,5
dalcantonjd,ellenstofan,677,164,71,6,841,77,76
guiltyqilin,nasa,6,4,55903,8677,10,64580,3
astrodot,astro_nicole,335,8,94,2,343,96,473
nickastronomer,genejm29,1203,166,34,5,1369,39,390
mahmoodul_haq,nasa,6,0,55903,8677,6,64580,2
vtastrosociety,nasa,22,0,55903,8677,22,64580,31
lisaharveysmith,astronomyblog,470,27,163,20,497,183,90
tdeiii,nasa,12,0,55903,8677,12,64580,4
astronomolly,kejames,718,99,136,28,817,164,102
emmapeterson_,nasa,38,0,55903,8677,38,64580,71
therealbuzz,airandspace,175,6,105,6,181,111,846
davidbflower,nasa,30,2,55903,8677,32,64580,403
jmrozada,esa_rosetta,65,1,4545,304,66,4849,115
markwhittington,nasa,20,2,55903,8677,22,64580,41
oleg31105,nasa,38,2,55903,8677,40,64580,41
eaglestainless,nasa,11,1,55903,8677,12,64580,19
michaelknaepen,spacex,23,0,9247,328,23,9575,25
machaneus,nasa,15,0,55903,8677,15,64580,50
larux,nasa,40,0,55903,8677,40,64580,57
fartzbergcox,nasa,9,6,55903,8677,15,64580,4
newhorizons2015,plutosgems,218,7,15,1,225,16,87
outerspcae,nasa,4,0,55903,8677,4,64580,3
drfunkyspoon,ibnulhussaini,628,95,4,2,723,6,40
esa,libbyjackson__,597,15,30,2,612,32,259
michael_w_busch,hubbahubble,649,152,180,19,801,199,60
jehldavid,nasa,78,3,55903,8677,81,64580,372
astro_cady,libertyscictr,318,9,8,0,327,8,73
bird_angry_one,nasa,25,20,55903,8677,45,64580,6
jon_snow_420,nasa,2,3,55903,8677,5,64580,15
ally_kat2000,nasa,0,2,55903,8677,2,64580,3
jhjones,nasasolarsystem,449,49,72,1,498,73,105
astrokatie,physicsjackson,775,102,12,0,877,12,90
astrokatie,misfitdeveloper,775,102,10,3,877,13,3
lisaharveysmith,swinburne,470,27,101,19,497,120,28
astro_tj,thenasaman,130,6,26,2,136,28,157
starzanplanets,johndebes,448,67,66,18,515,84,72
anoopspnair,nasa,19,5,55903,8677,24,64580,3
astro_luca,astro_wheels,326,12,185,7,338,192,608
gopcatlady,nasa,0,2,55903,8677,2,64580,22
rtime_traveller,nasa_johnson,68,22,4945,42,90,4987,7
esa_caves,dlr_en,329,12,73,3,341,76,190
csa_asc,avspacemuseum,358,9,19,0,367,19,170
helen_hm11,astro_timpeake,47,0,3394,32,47,3426,138
astropixie,aaoastro,416,43,116,9,459,125,128
ryanwvoll,spacex,87,10,9247,328,97,9575,89
coreyspowell,nasa_dawn,429,83,234,16,512,250,459
malo_j,spacex,20,4,9247,328,24,9575,28
jagoff12,nasajpl,55,5,4957,65,60,5022,35
kbalaji1991,nasa,27,0,55903,8677,27,64580,31
jhjones,cirquelar,449,49,81,13,498,94,100
physorg_com,nasa,23,3,55903,8677,26,64580,1651
deelotusbud777,nasa,8,1,55903,8677,9,64580,7
fednewsradio,nasa,8,1,55903,8677,9,64580,140
nasagoddard,maven2mars,466,18,158,2,484,160,982
astroduff,astrophiz,803,112,5,3,915,8,37
africaastronomy,universetoday,92,2,1844,16,94,1860,116
drfunkyspoon,radjanirad,628,95,26,2,723,28,111
noisyastronomer,tattoosandbones,396,62,8,1,458,9,21
vrooje,shaka_lulu,394,81,133,22,475,155,113
aliasbluebird,nasa,3,2,55903,8677,5,64580,2
astrokatie,michelle_lmc,775,102,106,22,877,128,139
jorgego98249461,space_station,151,8,8043,589,159,8632,15
drfunkyspoon,klugectr,628,95,9,1,723,10,9
catherineq,avpdisapain,686,98,13,8,784,21,9
egoitzaulestia,spacex,9,0,9247,328,9,9575,10
michaeltennesen,esa,17,0,5155,135,17,5290,18
nickastronomer,cosmos4u,1203,166,186,34,1369,220,322
csa_asc,orbitalatk,358,9,296,35,367,331,757
willgater,bbcstargazing,499,18,218,12,517,230,219
djeinsteinmusic,nasa,13,0,55903,8677,13,64580,30
familyinternet,nasa,7,0,55903,8677,7,64580,4
emilystgermain,nasa,0,2,55903,8677,2,64580,2
rocaozzy,nasa,4,0,55903,8677,4,64580,0
tb5977,nasa,6,4,55903,8677,10,64580,15
danieljoneslee1,nasa,6,1,55903,8677,7,64580,2
planet4589,lorengrush,888,169,49,10,1057,59,175
badastronomer,hirise,389,46,131,10,435,141,556
whitemanllavez,nasa,24,0,55903,8677,24,64580,4
tdeiii,space_station,12,0,8043,589,12,8632,5
rafdias_silva,nasa,6,2,55903,8677,8,64580,3
jhjones,stephist,449,49,32,3,498,35,87
catherineq,cwg_nsf,686,98,17,1,784,18,101
astro_joao,nasa_johnson,54,0,4945,42,54,4987,75
coffinawaker1,nasa,10,2,55903,8677,12,64580,2
esaoperations,esa_edm,425,27,299,24,452,323,633
wrightbesideyou,nasa,54,0,55903,8677,54,64580,122
beikimco,spacedotcom,35,1,4724,125,36,4849,31
wzupancic,spacedotcom,75,0,4724,125,75,4849,157
astro_reid,romeoch,349,36,18,0,385,18,80
rweaver987,nasa,2,2,55903,8677,4,64580,6
davidwhogg,nasakepler,571,104,309,24,675,333,150
amadzeerak,nasa,1,2,55903,8677,3,64580,16
chrisrbax,nasa,6,4,55903,8677,10,64580,43
techagekids,nasa,18,0,55903,8677,18,64580,36
akurmston,nasa,14,0,55903,8677,14,64580,21
mrhamzazaki,astro_jeremy,18,6,797,3,24,800,13
andreabutera,nasa,12,1,55903,8677,13,64580,52
gwdtweets,nasa,1,2,55903,8677,3,64580,2
nickastronomer,sciencenelson,1203,166,27,1,1369,28,217
andy_levinson,nasa,3,2,55903,8677,5,64580,0
coffinawaker1,space_station,10,2,8043,589,12,8632,2
jhjones,d_l_miller,449,49,35,2,498,37,72
bamit_das,nasa,30,0,55903,8677,30,64580,7
jadenyuki5267,nasa,5,0,55903,8677,5,64580,0
michael_w_busch,shaka_lulu,649,152,133,22,801,155,73
slimerdude,nasa,14,3,55903,8677,17,64580,9
martiansoil,nasa,55,0,55903,8677,55,64580,353
drfunkyspoon,lyndalovon,628,95,12,2,723,14,37
spacex,b0yle,185,2,86,2,187,88,794
andpantanal,nasa,23,0,55903,8677,23,64580,0
nasatopnews,spacedotcom,54,3,4724,125,57,4849,19
astropixie,vacant3rdman,416,43,44,5,459,49,56
thetiredhippo,nasa,8,3,55903,8677,11,64580,2
nasa_sls,nasa_orion,60,0,2923,59,60,2982,1142
heidrichklaus,nasa,23,0,55903,8677,23,64580,4
drdasb,esa_rosetta,30,1,4545,304,31,4849,55
executivegov,nasa,17,1,55903,8677,18,64580,53
des_gcs,nasa,6,0,55903,8677,6,64580,3
djfrankieee,spacedotcom,41,1,4724,125,42,4849,71
martinengwicht,spacex,10,2,9247,328,12,9575,22
buzzlightyear58,spacedotcom,15,0,4724,125,15,4849,13
britanniacomms,nasa,9,3,55903,8677,12,64580,305
metarantz,nasa,90,0,55903,8677,90,64580,97
dangielysb,nasa,4,0,55903,8677,4,64580,0
profabelmendez,scottwx_twn,821,4,22,2,825,24,229
dhunttweets,nasa,42,10,55903,8677,52,64580,39
ricardorox1957,spacedotcom,6,0,4724,125,6,4849,4
emilylurice,johndebes,418,43,66,18,461,84,82
krushem1,nasa,6,0,55903,8677,6,64580,0
2w3sx,nasa,22,3,55903,8677,25,64580,24
big__al_1,nasa,13,0,55903,8677,13,64580,3
astrodot,johnrsports,335,8,53,4,343,57,109
crocodilekatie,nasa,72,4,55903,8677,76,64580,180
catherineq,ddfdba,686,98,4,2,784,6,9
jannalevin,novapbs,185,30,30,1,215,31,86
montoya23,neiltyson,4,1,10053,253,5,10306,4
sarahkendrew,govender,504,85,20,1,589,21,51
jannalevin,davidhesperos,185,30,9,3,215,12,1
lisaharveysmith,science_academy,470,27,48,4,497,52,109
nasakennedy,astro_nicole,345,13,94,2,358,96,747
dr_lucie,reneehlozek,619,24,97,14,643,111,86
torybruno,tanyaofmars,1379,106,87,7,1485,94,292
nasablueshift,startswithabang,184,1,88,31,185,119,139
nickastronomer,bbc5live,1203,166,23,2,1369,25,41
davidspergel,jbprime,75,18,55,16,93,71,67
tomblogue,spacex,2,6,9247,328,8,9575,10
sarahkendrew,brunomerin,504,85,15,0,589,15,85
nsfvoyager2,egvick,174,10,26,0,184,26,191
catherineq,peterkingcbs,686,98,12,0,784,12,105
holymaster,nasa,8,0,55903,8677,8,64580,2
tpsireland,nasa,32,1,55903,8677,33,64580,47
chughtaienge813,nasa,8,0,55903,8677,8,64580,3
wall_for_ebooks,nasa,31,0,55903,8677,31,64580,10
safenotanoption,nasa,36,2,55903,8677,38,64580,144
jhjones,arielwaldman,449,49,74,1,498,75,79
paulmartinamb,nasa,21,8,55903,8677,29,64580,20
astronomolly,jbprime,718,99,55,16,817,71,69
astronaut_jill,nasa,74,0,55903,8677,74,64580,208
rpujolvives,nasa,11,0,55903,8677,11,64580,14
nasasocial,nasakepler,589,5,309,24,594,333,1239
sarah_byham,nasa,1,2,55903,8677,3,64580,1
xeni,nasa_johnson,62,1,4945,42,63,4987,202
lkrauss1,michaelaranger,181,15,10,3,196,13,5
cosmic_horizons,aaoastro,523,148,116,9,671,125,65
ecocade,nasa,0,2,55903,8677,2,64580,1
3nr1c4,nasa,7,5,55903,8677,12,64580,8
jasoncroce2,nasa,0,3,55903,8677,3,64580,0
coreyspowell,lonelyprobe,429,83,17,2,512,19,149
badastronomer,sandentotten,389,46,16,3,435,19,111
cosmic_horizons,mjibrown,523,148,124,30,671,154,54
fresh_615,nasa,1,2,55903,8677,3,64580,0
vrooje,benneholwerda,394,81,162,20,475,182,115
monkeysfly51,nasa,22,6,55903,8677,28,64580,4
jhjones,planetdr,449,49,783,153,498,936,105
startalkradio,ltelkins,731,46,28,3,777,31,57
photosnapping,nasahqphoto,13,0,2847,18,13,2865,3
danielatalaya,spacedotcom,45,2,4724,125,47,4849,60
nasa,sofiatelescope,381,34,79,4,415,83,965
chrislintott,alexwitze,660,103,72,15,763,87,246
noisyastronomer,merrdiff,396,62,120,20,458,140,123
80jovan,space_station,0,5,8043,589,5,8632,19
nasa,maven2mars,381,34,158,2,415,160,1402
hakuroukurama,nasa,13,2,55903,8677,15,64580,0
catherineq,astro_yyz,686,98,31,1,784,32,230
chrisrbax,nasakennedy,6,4,3802,55,10,3857,11
rekinnu,nasa,6,0,55903,8677,6,64580,5
noisyastronomer,sharkespearean,396,62,23,2,458,25,39
catherineq,pillownaut,686,98,83,10,784,93,282
stevebrant,nasa,52,0,55903,8677,52,64580,123
nasajpl,bbcstargazing,352,20,218,12,372,230,489
mayramontrose,nasa,19,0,55903,8677,19,64580,31
portland_ghosts,space_station,199,116,8043,589,315,8632,19
wef,nasa,4,0,55903,8677,4,64580,1096
mcschweety,nasa,0,2,55903,8677,2,64580,13
astroduff,kevinschawinski,803,112,182,43,915,225,108
tedstryk,esa_rosetta,45,1,4545,304,46,4849,178
tianquiztentli,nasa,8,1,55903,8677,9,64580,5
catherineq,starstryder,686,98,108,19,784,127,414
elakdawalla,planettreky,683,89,65,4,772,69,169
expresstechie,nasa,10,1,55903,8677,11,64580,18
therealkaivik,nasa_technology,29,8,2473,11,37,2484,11
reducedsuccess,spacex,6,0,9247,328,6,9575,3
michael23607515,nasa,12,0,55903,8677,12,64580,35
chrislintott,michaelaye,660,103,13,5,763,18,48
tamistainfield,nasahqphoto,13,7,2847,18,20,2865,3
startalkradio,mggttaylor,731,46,158,13,777,171,200
callyra,nasa,31,2,55903,8677,33,64580,36
coreyspowell,tedstryk,429,83,54,6,512,60,139
philae2014,dlr_en,51,1,73,3,52,76,444
vrooje,astronomyblog,394,81,163,20,475,183,79
sinners966,nasa,3,4,55903,8677,7,64580,5
hughie1953,nasa,25,0,55903,8677,25,64580,32
janalfunstyyry,nasa,9,2,55903,8677,11,64580,5
astro_reid,shuttlealmanac,349,36,57,6,385,63,353
electronicspec,nasa,6,0,55903,8677,6,64580,32
torybruno,boeingdefense,1379,106,31,1,1485,32,238
dhunttweets,spacedotcom,42,10,4724,125,52,4849,21
joejun4,nasa,23,0,55903,8677,23,64580,3
qiitxx,nasa,14,0,55903,8677,14,64580,11
vrooje,sciencenelson,394,81,27,1,475,28,52
michaelladd99,nasa,14,5,55903,8677,19,64580,5
asrivkin,alexwitze,695,130,72,15,825,87,153
agent_tomsmith,nasa,15,0,55903,8677,15,64580,22
victorgdmoraes,nasa,113,56,55903,8677,169,64580,80
starzanplanets,sungrazercomets,448,67,76,10,515,86,132
evolvedtrex,nasa,5,2,55903,8677,7,64580,28
betanipson,nasa,12,2,55903,8677,14,64580,4
wentzofficial,nasa,0,2,55903,8677,2,64580,0
randomspacefact,nasa_dawn,189,8,234,16,197,250,372
chrisdudley85,astrokatie,1,3,1676,42,4,1718,4
mpcmonkey,nasa,7,0,55903,8677,7,64580,54
martiancolonist,nasa,18,0,55903,8677,18,64580,79
ng_rippel,nasa,4,0,55903,8677,4,64580,5
dr_lucie,chrisenorth,619,24,76,6,643,82,155
labhaoiselesiog,nasa,12,2,55903,8677,14,64580,15
starzanplanets,cbellh47,448,67,20,1,515,21,76
michael_w_busch,theagu,649,152,37,6,801,43,69
tbaldwin510todd,nasa,24,1,55903,8677,25,64580,86
componentscorp,nasa,12,0,55903,8677,12,64580,56
cassinisaturn,ulalaunch,211,9,566,37,220,603,832
astroduff,drarnakarick,803,112,71,9,915,80,85
digitalabdullah,nasa,14,1,55903,8677,15,64580,20
misserdoodles,esa_rosetta,1,4,4545,304,5,4849,2
elakdawalla,osirisrex,683,89,382,23,772,405,727
emilylurice,startswithabang,418,43,88,31,461,119,125
emilylurice,planetdr,418,43,783,153,461,936,170
athena2913,spacedotcom,32,0,4724,125,32,4849,51
aerojetrdyne,nasa,41,0,55903,8677,41,64580,470
doctor_astro,tweetsoutloud,338,31,155,13,369,168,179
asrivkin,lostrack621,695,130,8,1,825,9,43
niais,planetdr,265,36,783,153,301,936,179
vrooje,knudjahnke,394,81,27,5,475,32,17
mramit549_kumar,space_station,2,3,8043,589,5,8632,2
gayboylen,nasa,1,2,55903,8677,3,64580,0
shravansaxena,nasa,15,1,55903,8677,16,64580,4
ihateurgod,nasa,10,9,55903,8677,19,64580,12
esascience,skyandtelescope,181,14,66,1,195,67,629
surfacewitness,nasa,11,2,55903,8677,13,64580,2
nickastronomer,ronbaalke,1203,166,58,6,1369,64,293
spadiva,nasa,19,0,55903,8677,19,64580,65
drfunkyspoon,paleophile,628,95,42,7,723,49,51
sparksinpb,nasa,8,2,55903,8677,10,64580,2
torybruno,ulalaunch,1379,106,566,37,1485,603,564
dr_lucie,petertgallagher,619,24,14,0,643,14,48
manduhadebe,nasa,4,1,55903,8677,5,64580,0
karenlmasters,penguingalaxy,383,31,57,7,414,64,147
timlad,nasa,27,0,55903,8677,27,64580,27
astrokatie,andrewncassidy,775,102,7,3,877,10,11
universetoday,deefa45,1492,21,3,2,1513,5,9
itsmikeyv12,nasa,1,2,55903,8677,3,64580,7
spaceanswers,nasa,106,6,55903,8677,112,64580,492
astrokatie,ausandgie7,775,102,53,8,877,61,152
nasaedu,nasa,20,1,55903,8677,21,64580,811
obastronomy,nasa,20,0,55903,8677,20,64580,38
chrislintott,dallascampbell,660,103,52,7,763,59,143
badruddeen,nasa,48,0,55903,8677,48,64580,183
astro_reid,spasmunkey,349,36,92,2,385,94,348
spaceastronomer,spacedotcom,59,1,4724,125,60,4849,200
theuniverse_tm,larlar1971,159,3,20,0,162,20,101
astrokatie,rachelfeltman,775,102,57,8,877,65,249
jamesklemka,nasa,7,0,55903,8677,7,64580,3
realscientists,nasa,60,1,55903,8677,61,64580,704
judah13judah,nasa,26,0,55903,8677,26,64580,14
elakdawalla,kejames,683,89,136,28,772,164,281
sarahkendrew,brendonbrewer,504,85,248,53,589,301,29
josue334880,nasa,4,0,55903,8677,4,64580,0
camden_andersen,nasa,5,0,55903,8677,5,64580,14
chris_bachmann,nasa,22,0,55903,8677,22,64580,1
woodlloydwood,astrokatie,20,0,1676,42,20,1718,18
startalkradio,seanonolennon,731,46,41,4,777,45,71
astronomolly,nasawebb,718,99,79,3,817,82,156
ottercivet,nasa,0,2,55903,8677,2,64580,7
flndr6,nasa,71,16,55903,8677,87,64580,25
karinelatfalla,nasa,9,1,55903,8677,10,64580,8
mayasdolly,universetoday,21,0,1844,16,21,1860,14
gheghyxx,astrosamantha,57,1,2381,8,58,2389,89
austinonsocial,nasa,23,1,55903,8677,24,64580,382
mggttaylor,esa_rosetta,63,0,4545,304,63,4849,550
nasa_astronauts,astro_wheels,62,4,185,7,66,192,910
spacegovuk,rjmlaird,324,13,31,3,337,34,336
_thatniggacarl,nasa,30,12,55903,8677,42,64580,4
starzanplanets,astrotweeps,448,67,186,23,515,209,186
planet4589,go_for_launch,888,169,28,2,1057,30,31
iangray71,nasa,20,1,55903,8677,21,64580,21
nasahistory,cassinisaturn,72,0,3863,85,72,3948,1311
pc0101,stationcdrkelly,41,0,5228,24,41,5252,176
cosmic_horizons,_sarahmartell_,523,148,36,7,671,43,32
mikecarter996,nasa,11,0,55903,8677,11,64580,14
themylesyates,nasa,24,0,55903,8677,24,64580,3
profabelmendez,davidwdubois,821,4,8,0,825,8,169
lauriecantillo,nasa,70,0,55903,8677,70,64580,252
factorialpython,nasa,6,2,55903,8677,8,64580,9
nasa_orion,astro_wheels,280,5,185,7,285,192,764
iss_research,pc0101,268,20,77,10,288,87,169
exploreplanets,planrad,291,11,49,5,302,54,132
esa_caves,gloriagraizzaro,329,12,15,0,341,15,66
mayu1219mayu,nasa,6,0,55903,8677,6,64580,2
llliloufli,nasa,14,0,55903,8677,14,64580,11
kennethmjohnson,nasajpl,35,0,4957,65,35,5022,34
astro_timpeake,space_lectures,294,33,80,2,327,82,451
worldofscitech,nasa,102,1,55903,8677,103,64580,240
nasablueshift,apod,184,1,161,6,185,167,524
pleiades_co,nasa,10,2,55903,8677,12,64580,6
therealbuzz,georgetakei,175,6,39,2,181,41,738
official_micro,esa,35,0,5155,135,35,5290,38
1_gflame,nasajuno,92,3,4049,27,95,4076,6
shelley_kim,stationcdrkelly,5,0,5228,24,5,5252,3
facebones777,nasa,8,1,55903,8677,9,64580,88
sniff122,nasa,23,0,55903,8677,23,64580,9
wycombe_astro,nasa,29,0,55903,8677,29,64580,107
teencher,nasa,6,0,55903,8677,6,64580,4
gvbujade,nasa_johnson,129,16,4945,42,145,4987,42
mohd22445,nasa,35,0,55903,8677,35,64580,24
dalcantonjd,shaka_lulu,677,164,133,22,841,155,145
jhjones,canberradsn,449,49,85,3,498,88,65
planet4589,cirquelar,888,169,81,13,1057,94,246
esascience,esa_tech,181,14,36,0,195,36,249
mtc_london,nasa,4,1,55903,8677,5,64580,2
space_station,astropeggy,267,27,68,2,294,70,571
rainmaker1973,space_station,132,10,8043,589,142,8632,434
gty0,nasa,5,0,55903,8677,5,64580,2
cosmic_horizons,jbprime,523,148,55,16,671,71,38
cosmic_horizons,abcnews24,523,148,37,7,671,44,17
davidspergel,startswithabang,75,18,88,31,93,119,105
canadianmicmac,nasa,5,0,55903,8677,5,64580,1
the_connectory,nasa,20,1,55903,8677,21,64580,91
astro_mike,explorersclub,344,15,26,0,359,26,95
to31771,nasa,13,2,55903,8677,15,64580,4
dalcantonjd,albertoconti,677,164,41,1,841,42,115
nasakennedy,iss_casis,345,13,117,6,358,123,1075
nasajpl,nasa_marshall,352,20,95,5,372,100,1291
sourpatchbro,nasa,4,2,55903,8677,6,64580,7
niais,jegpeek,265,36,251,42,301,293,66
dslsynth,nasa,31,1,55903,8677,32,64580,29
astroduff,tim_o_brien,803,112,58,3,915,61,88
doctor_astro,davaexplorer,338,31,98,6,369,104,150
iam_tejas786,nasa,9,2,55903,8677,11,64580,4
summer_ash,planetdr,793,73,783,153,866,936,289
nasablueshift,esaherschel,184,1,74,7,185,81,360
poison_iveen,nasa,28,2,55903,8677,30,64580,29
spacegovuk,libbyjackson__,324,13,30,2,337,32,214
pmaprovisual,nasa,21,0,55903,8677,21,64580,1
19921974,marscuriosity,71,2,7139,52,73,7191,10
nickastronomer,hal9000and1,1203,166,7,2,1369,9,58
mlbelem,nasa,36,0,55903,8677,36,64580,35
titohernandezp,nasa,5,1,55903,8677,6,64580,26
dalcantonjd,planetdr,677,164,783,153,841,936,160
els8383,shuttlecdrkelly,1,4,1648,10,5,1658,3
4myhae1,nasa,10,1,55903,8677,11,64580,1
astroduff,robandart,803,112,4,2,915,6,1
professordolan,nasa,4,0,55903,8677,4,64580,1
aaa_stripe_pro,nasa,6,0,55903,8677,6,64580,94
vrooje,kevinschawinski,394,81,182,43,475,225,94
catherineq,jpmajor,686,98,165,18,784,183,500
nebulosas231,nasa,37,1,55903,8677,38,64580,58
astronomolly,mjibrown,718,99,124,30,817,154,65
marymatsonhogan,nasa,7,0,55903,8677,7,64580,6
drphilmarshall,realscientists,248,36,99,16,284,115,58
karenlmasters,astronomyblog,383,31,163,20,414,183,136
ageekmom,nasa,127,1,55903,8677,128,64580,1008
eleventhphoto,nasa,8,3,55903,8677,11,64580,5
astro_davids,orbitalatk,190,16,296,35,206,331,421
vonslaich,nasa,27,0,55903,8677,27,64580,9
nickastronomer,hastroparr,1203,166,47,12,1369,59,173
summer_ash,lorengrush,793,73,49,10,866,59,134
alex_parker,astrotweeps,1175,160,186,23,1335,209,293
traceycutler1,nasa,7,1,55903,8677,8,64580,3
nasaames,nasa,40,0,55903,8677,40,64580,1677
skyzalimitpro,nasa,2,2,55903,8677,4,64580,11
startalkradio,planetjuneberry,731,46,160,19,777,179,11
nasa_johnson,spacecenterhou,200,7,44,1,207,45,306
cassinisaturn,carolynporco,211,9,150,10,220,160,567
genejm29,nasajpl,192,2,4957,65,194,5022,646
taylorrlynn23,nasa,0,2,55903,8677,2,64580,2
andrewrosemeyer,nasa,15,0,55903,8677,15,64580,27
heiiwat,nasa,11,0,55903,8677,11,64580,5
theiabm,nasa,4,0,55903,8677,4,64580,10
starzanplanets,hauck,448,67,23,3,515,26,59
esa_caves,cardaris,329,12,6,0,341,6,18
plutonaut,esa,36,0,5155,135,36,5290,52
eso,leauickque,186,4,7,0,190,7,85
maximaxoo,esa,61,7,5155,135,68,5290,419
willgater,astronomyblog,499,18,163,20,517,183,129
esascience,astroemz,181,14,45,1,195,46,398
outerspacetv,nasa,56,0,55903,8677,56,64580,80
wiffen,nasa,2,2,55903,8677,4,64580,12
amymtalbott,nasa,22,0,55903,8677,22,64580,3
asrivkin,jtuttlekeane,695,130,40,2,825,42,129
katrobison,nasa,23,1,55903,8677,24,64580,147
pineapplepolis,nasa,11,0,55903,8677,11,64580,13
nasahqphoto,ulalaunch,132,6,566,37,138,603,777
nickastronomer,astroguyz,1203,166,179,4,1369,183,309
ju5t_v151t1ng,nasa,82,0,55903,8677,82,64580,130
astronomolly,nhuntwalker,718,99,222,72,817,294,31
asrivkin,cosettegilmour,695,130,7,2,825,9,13
sarahkendrew,hubbahubble,504,85,180,19,589,199,88
doctor_astro,usandchennai,338,31,8,0,369,8,12
cosmic_carol,stationcdrkelly,96,1,5228,24,97,5252,242
fartgenius,neiltyson,8,0,10053,253,8,10306,4
sci_techdaily,nasa,5,0,55903,8677,5,64580,7
thereal2red,nasa,7,7,55903,8677,14,64580,33
kevinmgill,cassinisaturn,99,2,3863,85,101,3948,261
tim_reichardt,nasa,77,3,55903,8677,80,64580,140
ericmolloy,nasa,61,0,55903,8677,61,64580,116
nasagoddard,nasasealevel,466,18,19,5,484,24,150
rainmaker1973,nasa,132,10,55903,8677,142,64580,528
makdad2matt,nasa,40,13,55903,8677,53,64580,3
mirrorednat,nasa,17,0,55903,8677,17,64580,7
astro_127,mets,55,2,34,1,57,35,9
alleyp0p,nasa,25,0,55903,8677,25,64580,27
catherineq,sharkespearean,686,98,23,2,784,25,42
ikluft,spacex,20,1,9247,328,21,9575,79
esa_rosetta,sungrazercomets,161,2,76,10,163,86,392
karenlmasters,profmike_m,383,31,115,18,414,133,63
astro2fish,thom_astro,128,7,221,14,135,235,445
rgproductdotcom,nasa,25,1,55903,8677,26,64580,57
jethrotoll,nasa,1,5,55903,8677,6,64580,35
terrellglass10,space_station,17,6,8043,589,23,8632,3
timmermansr,astro_andre,72,0,605,3,72,608,332
tenpixels,nasa,39,0,55903,8677,39,64580,114
mirrorednat,space_station,17,0,8043,589,17,8632,8
hrhgabriella,nasa,0,2,55903,8677,2,64580,0
quixoticnance,nasa_astronauts,28,0,3739,63,28,3802,45
cosmicpinot,abcnews,257,53,202,63,310,265,61
chrislucard,nasa,14,0,55903,8677,14,64580,4
letiziacaruso,nasa,13,2,55903,8677,15,64580,3
sekhmet_12th,nasa,32,2,55903,8677,34,64580,45
drfunkyspoon,craftlass,628,95,34,7,723,41,89
chrislintott,kevinschawinski,660,103,182,43,763,225,112
phibetakappa,nasa,11,0,55903,8677,11,64580,44
dinesco,nasa,9,0,55903,8677,9,64580,19
v_rdrgs,nasa,28,0,55903,8677,28,64580,18
tonymariuz,nasa,22,0,55903,8677,22,64580,0
msachinsuresh95,nasa,4,0,55903,8677,4,64580,0
carmaxfraud,nasa,3,6,55903,8677,9,64580,4
esascience,apod,181,14,161,6,195,167,1048
astrosamantha,esa_eac,181,6,199,12,187,211,340
dadearinto,nasa,107,4,55903,8677,111,64580,224
stephenwessels_,nasa,4,0,55903,8677,4,64580,0
astro_sandy,drmlb,31,0,13,0,31,13,25
ben_haizlip,nasa,28,1,55903,8677,29,64580,35
albertnewton22,space_station,37,1,8043,589,38,8632,3
astrokatie,darth,775,102,28,8,877,36,106
tancothe3rd,nasa,9,0,55903,8677,9,64580,8
owen_o1,nasa,15,2,55903,8677,17,64580,5
reeseby,nasa,24,0,55903,8677,24,64580,19
restlessone14,nasa,13,0,55903,8677,13,64580,8
asrivkin,starstryder,695,130,108,19,825,127,154
doctor_astro,joedevon,338,31,4,1,369,5,5
esa,esa_tech,597,15,36,0,612,36,293
sbarsh,nasa,20,5,55903,8677,25,64580,8
ebeyondstars,nasakennedy,53,0,3802,55,53,3857,87
ablack82,nasa,12,2,55903,8677,14,64580,22
esa_rosetta,apod,161,2,161,6,163,167,1290
boanus,nasa,6,0,55903,8677,6,64580,6
satnettv,nasajpl,13,0,4957,65,13,5022,4
iss_research,nasa_sls,268,20,213,16,288,229,995
startalkradio,amymainzer,731,46,60,2,777,62,216
starzanplanets,verbiscer,448,67,44,6,515,50,44
esaoperations,esa_eo,425,27,51,1,452,52,372
ml_barnes,nasa,35,0,55903,8677,35,64580,100
dr_lucie,suthers,619,24,30,0,643,30,137
niqkic01azul,nasa,13,0,55903,8677,13,64580,5
capoglou,nasa,19,0,55903,8677,19,64580,153
spacegovuk,mrsdenyer,324,13,10,0,337,10,65
complexificated,nasa,22,0,55903,8677,22,64580,2
youkenn_doit,nasa,11,0,55903,8677,11,64580,25
catherineq,mcnees,686,98,271,63,784,334,137
skyguyinva,nasa,80,0,55903,8677,80,64580,266
billuminski,nasa,26,0,55903,8677,26,64580,28
firewake32,nasa,12,4,55903,8677,16,64580,11
empiresteve,nasa,35,0,55903,8677,35,64580,41
asrivkin,nepetro,695,130,49,12,825,61,63
summer_ash,orbitalatk,793,73,296,35,866,331,212
chrislintott,chrisenorth,660,103,76,6,763,82,188
sassyshark2,iss_research,65,11,4199,61,76,4260,41
nasa_orion,nasaglenn,280,5,105,8,285,113,974
drjeanpereira,nasa,23,1,55903,8677,24,64580,1
namelesscynic,marscuriosity,0,4,7139,52,4,7191,13
deepspacedrones,spacedotcom,48,0,4724,125,48,4849,149
deadlytumblr,nasa,2,3,55903,8677,5,64580,11
elakdawalla,mirikramer,683,89,105,11,772,116,379
luke_hemmburger,nasa,0,2,55903,8677,2,64580,0
spacex,popmech,185,2,78,6,187,84,576
iss_research,astro_nicole,268,20,94,2,288,96,691
bzbx,spacedotcom,20,1,4724,125,21,4849,11
mohitsukhija918,nasa,43,15,55903,8677,58,64580,5
valient77,nasa,16,1,55903,8677,17,64580,19
senator_andy,nasa,53,1,55903,8677,54,64580,73
drfunkyspoon,ethonraptor,628,95,7,1,723,8,7
down_dong,nasa,5,1,55903,8677,6,64580,1
tate_jesus_chri,therealbuzz,93,27,3045,28,120,3073,0
telescoper,bryn00,62,10,16,1,72,17,10
zeusfanhouse,nasa,18,1,55903,8677,19,64580,59
neilhollywood,nasa,39,3,55903,8677,42,64580,1
shishkebab123,nasa,6,0,55903,8677,6,64580,2
davidwhogg,astronomyblog,571,104,163,20,675,183,81
douched_,space_station,1,4,8043,589,5,8632,6
andyreportergr,nasa,0,2,55903,8677,2,64580,7
picklesanctuary,space_station,5,4,8043,589,9,8632,3
spacegovuk,ral_space_stfc,324,13,24,1,337,25,215
smsaliexpress,nasa,7,0,55903,8677,7,64580,7
stanfordalan,nasa,23,0,55903,8677,23,64580,8
fartzbergcox,space_station,9,6,8043,589,15,8632,3
notoriousmr,spacedotcom,45,1,4724,125,46,4849,65
boingboing,nasa,45,0,55903,8677,45,64580,628
vrooje,peterdedmonds,394,81,115,14,475,129,105
astro_aggie,tamu,164,14,19,0,178,19,31
atomicastros,nasa,27,1,55903,8677,28,64580,96
todd_scheve,eso,44,0,1041,2,44,1043,91
nasagoddard,davaexplorer,466,18,98,6,484,104,517
nolarobert,nasa,73,1,55903,8677,74,64580,251
torybruno,drphiltill,1379,106,65,5,1485,70,333
a_winay,nasa,4,2,55903,8677,6,64580,7
burlyg8r,space_station,15,6,8043,589,21,8632,8
cw4t7abs,iss_research,48,4,4199,61,52,4260,41
daslaz,nasa,4,2,55903,8677,6,64580,0
jeaighwalker,astro_mike,6,4,2034,24,10,2058,4
tegumentum9,nasa,4,0,55903,8677,4,64580,3
emfurf,nasa,18,0,55903,8677,18,64580,53
astroduff,abcnews,803,112,202,63,915,265,63
idioticmidget,nasa,0,2,55903,8677,2,64580,0
astroguyz,esa,78,1,5155,135,79,5290,469
gmuruganandi,nasa,7,0,55903,8677,7,64580,5
esa_caves,ian_benecken,329,12,46,5,341,51,107
nasakennedy,davaexplorer,345,13,98,6,358,104,545
joeboating,esa_rosetta,13,4,4545,304,17,4849,55
furrmeister,nasa,5,4,55903,8677,9,64580,2
jehldavid,spacex,78,3,9247,328,81,9575,298
jhjones,katrobison,449,49,14,2,498,16,47
portland_ghosts,esa_rosetta,199,116,4545,304,315,4849,9
alex_parker,megschwamb,1175,160,121,9,1335,130,224
ryinspace,spacex,66,0,9247,328,66,9575,331
contrariangent,nasa,3,5,55903,8677,8,64580,3
kas_1979,nasa,4,2,55903,8677,6,64580,3
xlourry91,nasa,4,0,55903,8677,4,64580,0
bukanfifin,nasa,10,0,55903,8677,10,64580,9
allansor6,nasa,5,5,55903,8677,10,64580,2
astro_reid,tweetsoutloud,349,36,155,13,385,168,496
aestheticangel_,nasa,0,2,55903,8677,2,64580,1
ecariolin,nasa,4,0,55903,8677,4,64580,4
chrislintott,jen_gupta,660,103,120,9,763,129,132
jdberroacedano,nasa,6,0,55903,8677,6,64580,7
the_connectory,nasagoddard,20,1,2786,23,21,2809,52
robbofoz,esa_rosetta,27,9,4545,304,36,4849,8
claudiacostin,nasa,5,0,55903,8677,5,64580,28
esa,thom_astro,597,15,221,14,612,235,742
negation2010,nasa,49,0,55903,8677,49,64580,141
summer_ash,slowfactory_,793,73,7,0,866,7,36
donaldroche2,space_station,11,9,8043,589,20,8632,21
space_station,astromaterials,267,27,19,0,294,19,179
sudhee26,nasa,0,2,55903,8677,2,64580,0
astro_cady,ingallsimages,318,9,56,2,327,58,278
planet4589,mad_science_guy,888,169,40,16,1057,56,72
jenalvarezaz,nasa,5,0,55903,8677,5,64580,20
jelo1317,nasa,1,2,55903,8677,3,64580,35
andystechgarage,nasa,27,0,55903,8677,27,64580,31
catherineq,thespacegal,686,98,24,2,784,26,307
humanoidhistory,nasa,94,4,55903,8677,98,64580,293
emilylurice,sarahcottentail,418,43,25,2,461,27,18
chloedelgay,nasa,4,0,55903,8677,4,64580,1
dr_lucie,dallascampbell,619,24,52,7,643,59,124
the_solarsystem,redone68,847,1,9,0,848,9,121
astrodot,astronautabby,335,8,65,1,343,66,378
doc_lamb,nasa,12,0,55903,8677,12,64580,4
hansolofsven,drfunkyspoon,34,1,523,11,35,534,29
spacex,commercial_crew,185,2,120,2,187,122,962
airbusds,esa_rosetta,20,1,4545,304,21,4849,299
cosmic_horizons,startswithabang,523,148,88,31,671,119,60
nasa_orion,nasaames,280,5,111,5,285,116,1153
alex_parker,jtuttlekeane,1175,160,40,2,1335,42,175
jormos747,nasa,6,0,55903,8677,6,64580,5
tan123,nasa,1,2,55903,8677,3,64580,76
databankis,nasa,12,2,55903,8677,14,64580,3
asrivkin,tedstryk,695,130,54,6,825,60,92
naidadarling,nasa,11,2,55903,8677,13,64580,15
wunderkidart,nasa,0,2,55903,8677,2,64580,10
planet4589,airbusds,888,169,103,5,1057,108,111
6point626,nasa,9,0,55903,8677,9,64580,32
wwend,spacedotcom,41,0,4724,125,41,4849,120
starzanplanets,gravitate_to_me,448,67,46,4,515,50,123
willgater,mggttaylor,499,18,158,13,517,171,218
codfanpage2015,cmdr_hadfield,10,0,3932,49,10,3981,2
tomblogue,spacedotcom,2,6,4724,125,8,4849,8
dr_lucie,m_windridge,619,24,7,0,643,7,66
pompilusvoyages,nasa,27,0,55903,8677,27,64580,7
minorleaguesman,nasa,10,2,55903,8677,12,64580,10
fareasterner,nasa,3,10,55903,8677,13,64580,9
nancycollister1,nasa,34,15,55903,8677,49,64580,34
marieal21675849,space_station,49,19,8043,589,68,8632,3
alex_parker,mikamckinnon,1175,160,147,16,1335,163,262
dalcantonjd,mcnees,677,164,271,63,841,334,92
universetoday,storybywill,1492,21,544,7,1513,551,56
tschnn,nasa,43,0,55903,8677,43,64580,92
profabelmendez,nasakepler,821,4,309,24,825,333,559
planet4589,aschwortz,888,169,11,1,1057,12,21
avramovk,nasa,48,0,55903,8677,48,64580,69
oubey,universetoday,52,1,1844,16,53,1860,37
summer_ash,rachelfeltman,793,73,57,8,866,65,163
nickastronomer,lastmanonmoon,1203,166,51,3,1369,54,249
xephos_talvanen,nasa,11,1,55903,8677,12,64580,8
montaudpro,esa_rosetta,8,3,4545,304,11,4849,11
davidwhogg,cosmos4u,571,104,186,34,675,220,122
davidwhogg,brendonbrewer,571,104,248,53,675,301,24
portland_ghosts,iss_research,199,116,4199,61,315,4260,15
kaitlynammer,nasa,12,0,55903,8677,12,64580,7
kain_tepes,nasa,5,3,55903,8677,8,64580,6
frazzledjazz,space_station,56,25,8043,589,81,8632,26
seba_pro186,nasa,5,0,55903,8677,5,64580,4
jtuttlekeane,nasa,40,1,55903,8677,41,64580,240
robbofoz,esa,27,9,5155,135,36,5290,11
zananeichan,space_station,11,5,8043,589,16,8632,14
sarahkendrew,benneholwerda,504,85,162,20,589,182,132
elakdawalla,jasonrdavis,683,89,46,2,772,48,385
sarahkendrew,astraughnomer,504,85,56,1,589,57,146
nasakennedy,ulalaunch,345,13,566,37,358,603,1051
startalkradio,virgiliocorrado,731,46,15,0,777,15,23
alex_parker,upulie,1175,160,129,17,1335,146,181
astrosoumyadeep,nasa,23,5,55903,8677,28,64580,24
anon0mouse,nasa,10,2,55903,8677,12,64580,17
tommy_nowhere,nasa,4,0,55903,8677,4,64580,2
astronomolly,hubbahubble,718,99,180,19,817,199,105
astralz3r0,nasa,4,0,55903,8677,4,64580,4
apod,nasa,27,0,55903,8677,27,64580,2333
badastronomer,geoffnotkin,389,46,104,5,435,109,333
nasasocial,osirisrex,589,5,382,23,594,405,712
isacolave,nasa,13,0,55903,8677,13,64580,5
nujoud,nasa,38,0,55903,8677,38,64580,148
cosmic_horizons,riaus,523,148,35,4,671,39,41
setiinstitute,sofiatelescope,275,12,79,4,287,83,661
soapinmynose,nasa,2,2,55903,8677,4,64580,0
jamia_rain,nasa,2,6,55903,8677,8,64580,32
astro_cady,ewein2412,318,9,5,0,327,5,8
starstryder,nasakennedy,52,0,3802,55,52,3857,439
hyperbola1,space_station,20,2,8043,589,22,8632,11
nicolesteenrod,nasa,1,2,55903,8677,3,64580,1
jonathanlhall,nasa,16,4,55903,8677,20,64580,32
fred2700,nasa,0,2,55903,8677,2,64580,4
5lirez,nasa,25,0,55903,8677,25,64580,9
astroduff,riaus,803,112,35,4,915,39,81
73rocket,spacedotcom,38,0,4724,125,38,4849,70
badastronomer,tweetsoutloud,389,46,155,13,435,168,639
the_solarsystem,space_lectures,847,1,80,2,848,82,302
elakdawalla,aussiastronomer,683,89,95,16,772,111,156
4biddnknowledge,nasa,33,0,55903,8677,33,64580,57
manucarcamov,nasa,20,0,55903,8677,20,64580,9
elenachera,nasa,18,1,55903,8677,19,64580,5
devnull23,nasa,4,3,55903,8677,7,64580,9
freakbotaaron,nasa,24,0,55903,8677,24,64580,5
margofaulkner,nasa,0,2,55903,8677,2,64580,2
alex_parker,nasakepler,1175,160,309,24,1335,333,490
astropixie,natecochrane,416,43,3,3,459,6,20
dragonwindow,nasa,24,0,55903,8677,24,64580,56
takethatnasa,nasa,19,0,55903,8677,19,64580,92
johnpiggott5,nasa,17,5,55903,8677,22,64580,2
thejarren,spacex,19,0,9247,328,19,9575,15
senatecommerce,nasa,12,0,55903,8677,12,64580,38
esa,esacleanspace,597,15,15,2,612,17,187
astrodot,spasmunkey,335,8,92,2,343,94,290
nfxcr3w,nasa,8,0,55903,8677,8,64580,1
boingboing,nasa_johnson,45,0,4945,42,45,4987,241
nm_c07,nasa,4,2,55903,8677,6,64580,12
darnell,nasa,29,2,55903,8677,31,64580,66
therealbuzz,gtwhitesides,175,6,25,0,181,25,285
grb1947,nasa,22,0,55903,8677,22,64580,19
oge_ubali,nasa,5,0,55903,8677,5,64580,1
space_station,astro_wheels,267,27,185,7,294,192,897
doctor_astro,nasa_marshall,338,31,95,5,369,100,178
jytbht,nasa,4,0,55903,8677,4,64580,3
ju5t_v151t1ng,spacedotcom,82,0,4724,125,82,4849,114
amysez,nasa,9,0,55903,8677,9,64580,21
torybruno,aerojetrdyne,1379,106,36,1,1485,37,326
davidwhogg,mrtommyb,571,104,37,9,675,46,58
nasablueshift,astraughnomer,184,1,56,1,185,57,219
dr_lucie,fitzsimmonsalan,619,24,18,1,643,19,68
planet4589,drspacejunk,888,169,49,9,1057,58,174
annnotari13,nasa,79,0,55903,8677,79,64580,15
imjeannettec,nasa,23,0,55903,8677,23,64580,13
namelesscrusadr,nasa,14,1,55903,8677,15,64580,9
lisaharveysmith,tim_o_brien,470,27,58,3,497,61,87
badastronomer,sciguyspace,389,46,83,9,435,92,368
drphilmarshall,dallascampbell,248,36,52,7,284,59,32
planet4589,zulfikarabbany,888,169,0,2,1057,2,19
kathryn_weber,nasa,0,3,55903,8677,3,64580,0
davidwhogg,jasonkalirai,571,104,25,0,675,25,95
summer_ash,aussiastronomer,793,73,95,16,866,111,118
arc_nu,nasa,6,4,55903,8677,10,64580,12
badastronomer,pharaoness,389,46,38,3,435,41,280
thedailyseeker,spacedotcom,27,0,4724,125,27,4849,48
lapakko,nasa_astronauts,4,4,3739,63,8,3802,7
zecturd,nasa,12,3,55903,8677,15,64580,5
sharadsukhija,space_station,15,0,8043,589,15,8632,8
cosmic_horizons,michelle_lmc,523,148,106,22,671,128,49
d33psp33d,nasa,12,0,55903,8677,12,64580,4
astrodot,d_l_miller,335,8,35,2,343,37,163
silverknightprj,marscuriosity,48,0,7139,52,48,7191,36
dlevanchuk,nasa,9,0,55903,8677,9,64580,4
emyylii,nasa,15,2,55903,8677,17,64580,4
noisyastronomer,drrubidium,396,62,69,12,458,81,82
stratocumulus,nasa,86,2,55903,8677,88,64580,473
adpcnet,nasa,28,2,55903,8677,30,64580,21
nasasocial,nasa_dawn,589,5,234,16,594,250,1070
planetguy_bln,spacex,40,0,9247,328,40,9575,78
fhmasry1952,nasa,5,0,55903,8677,5,64580,1
ruperthucks,nasa,6,3,55903,8677,9,64580,20
wa4lzc,nasa,30,3,55903,8677,33,64580,54
starzanplanets,usfresearch,448,67,5,0,515,5,5
doctor_astro,nobbechristine,338,31,22,3,369,25,143
refaineverstops,nasa,1,2,55903,8677,3,64580,1
nasa_technology,astrorobonaut,244,7,71,2,251,73,496
dr_lucie,dawnsunrise1,619,24,94,6,643,100,132
coreyspowell,sciguyspace,429,83,83,9,512,92,230
spacex,gizmodo,185,2,27,0,187,27,1247
telescoper,geerthub,62,10,134,14,72,148,62
santilobelle,esa,11,2,5155,135,13,5290,4
kj1116,nasa,18,0,55903,8677,18,64580,4
dmuddification,nasa,18,3,55903,8677,21,64580,8
paulhadji,neiltyson,4,2,10053,253,6,10306,1
cattedownjanner,nasa,1,2,55903,8677,3,64580,3
uproxx,nasa,0,2,55903,8677,2,64580,127
spacekscblog,nasakennedy,59,2,3802,55,61,3857,245
startalkradio,thusspokejon,731,46,28,4,777,32,19
diegou,nasa,43,0,55903,8677,43,64580,258
elakdawalla,milkysa,683,89,32,3,772,35,204
nasawatch,nasa,74,9,55903,8677,83,64580,1003
dalcantonjd,_sarahmartell_,677,164,36,7,841,43,35
niamhiepoos,esa,98,1,5155,135,99,5290,298
elakdawalla,sondy,683,89,422,82,772,504,327
itcalumni,nasa,5,0,55903,8677,5,64580,13
elakdawalla,hubbahubble,683,89,180,19,772,199,156
starzanplanets,sondy,448,67,422,82,515,504,161
planet4589,astrolisa,888,169,29,2,1057,31,153
nasakennedy,johnkrausphotos,345,13,11,2,358,13,37
heyodai1,nasa,10,0,55903,8677,10,64580,11
scwbooks,nasa,5,1,55903,8677,6,64580,83
sunnyybunny,nasa,0,3,55903,8677,3,64580,1
thisisbrookeb,nasa,0,2,55903,8677,2,64580,7
astronomolly,astronomeara,718,99,101,9,817,110,101
perthobs,nasa,72,2,55903,8677,74,64580,170
edos66,nasajpl,11,0,4957,65,11,5022,7
uranussideways,nasa,68,81,55903,8677,149,64580,14
asrivkin,megschwamb,695,130,121,9,825,130,123
g900165,nasa,4,0,55903,8677,4,64580,1
lisaharveysmith,helen_e_mc,470,27,25,2,497,27,72
gm_akroma,nasa,9,0,55903,8677,9,64580,14
prealanthor,nasa,6,5,55903,8677,11,64580,9
strange_charm_q,nasa,65,0,55903,8677,65,64580,126
philae2014,philae_ptolemy,51,1,21,0,52,21,179
asrivkin,sondy,695,130,422,82,825,504,163
the_mattgreen,nasasocial,20,0,2340,8,20,2348,22
carolynporco,startalkradio,20,0,1136,8,20,1144,311
astrorm,mikamckinnon,155,3,147,16,158,163,166
frazzledjazz,nasa,56,25,55903,8677,81,64580,34
tbdnonymous,spacedotcom,33,0,4724,125,33,4849,63
_se_photo_,nasa,23,0,55903,8677,23,64580,1
astro_timpeake,bbcstargazing,294,33,218,12,327,230,605
fanciflautist,startalkradio,42,0,1136,8,42,1144,98
esa,dlr_en,597,15,73,3,612,76,637
musoofelix,nasa,31,0,55903,8677,31,64580,18
thelinklinked,nasa,20,2,55903,8677,22,64580,25
catherineq,planetdr,686,98,783,153,784,936,457
xploredeepspace,nasa_orion,90,6,2923,59,96,2982,393
sp_johnsullivan,nasa,29,3,55903,8677,32,64580,70
planet4589,downhereonearth,888,169,38,4,1057,42,156
lisaharveysmith,aus_scienceweek,470,27,35,3,497,38,107
carbon_flight,nasa,49,3,55903,8677,52,64580,343
asrivkin,ldmay,695,130,15,3,825,18,39
astroduff,ausandgie7,803,112,53,8,915,61,78
randomspacefact,nasakepler,189,8,309,24,197,333,385
astrosamantha,pc0101,181,6,77,10,187,87,163
blackprojects,nickastronomer,38,0,467,6,38,473,146
coreyspowell,kevinmgill,429,83,19,3,512,22,222
therealbuzz,commandermla,175,6,45,1,181,46,350
cosmicpinot,aaoastro,257,53,116,9,310,125,108
issaboveyou,space_station,2372,2,8043,589,2374,8632,120
delozier_m,nasa,6,2,55903,8677,8,64580,2
kayenne22,space_station,6,18,8043,589,24,8632,13
cw4t7abs,nasa,48,4,55903,8677,52,64580,89
pamfox80,nasa,4,0,55903,8677,4,64580,3
duberandy,nasa,33,5,55903,8677,38,64580,24
spacerengel,nasajpl,125,1,4957,65,126,5022,237
doctor_astro,popmech,338,31,78,6,369,84,73
astro_cady,iss_casis,318,9,117,6,327,123,632
talkingspace,nasa,45,1,55903,8677,46,64580,381
astropixie,startorialist,416,43,201,16,459,217,100
carolynmcfish1,nasa,2,4,55903,8677,6,64580,1
leith_wrghtman,nasa,27,0,55903,8677,27,64580,10
cambelltommy,spacedotcom,38,0,4724,125,38,4849,59
niais,mad_science_guy,265,36,40,16,301,56,49
astronomolly,groorg1,718,99,13,1,817,14,21
muhamadiqbaldar,nasa,35,0,55903,8677,35,64580,61
1hubbleradio,space_station,69,0,8043,589,69,8632,117
michael_w_busch,nhuntwalker,649,152,222,72,801,294,19
astrokatie,alexwitze,775,102,72,15,877,87,411
nasahqphoto,davaexplorer,132,6,98,6,138,104,451
catherineq,b0yle,686,98,86,2,784,88,462
meche1o1,nasa,4,0,55903,8677,4,64580,0
astrokatie,rolfje,775,102,3,2,877,5,9
butter_butter76,nasa,11,3,55903,8677,14,64580,4
subitusnex,nasa_johnson,6,6,4945,42,12,4987,6
snkrsnkampa,nasa,67,0,55903,8677,67,64580,1
nmpanek,popmech,239,9,78,6,248,84,54
chabotspace,greenbiz,74,2,7,0,76,7,8
deliahake,nasa,6,0,55903,8677,6,64580,1
thales_alenia_s,esa_exomars,36,0,1231,6,36,1237,106
planet4589,spcplcyonline,888,169,24,1,1057,25,233
hivezine_,nasa,8,3,55903,8677,11,64580,1
gogovernment,nasa,10,0,55903,8677,10,64580,25
americorps,nasa,19,0,55903,8677,19,64580,141
esa,astropeggy,597,15,68,2,612,70,483
chevras,nasa,1,3,55903,8677,4,64580,8
spacedotcom,orbitalatk,260,1,296,35,261,331,1016
jhjones,nightskynetwork,449,49,23,0,498,23,56
blackphysicists,universetoday,109,3,1844,16,112,1860,244
alex_parker,arielwaldman,1175,160,74,1,1335,75,206
qudsakbar,spacex,19,0,9247,328,19,9575,21
mhs_science,nasa,33,1,55903,8677,34,64580,24
fiaanaut,nasajpl,26,0,4957,65,26,5022,43
softwareguru1,nasa,0,2,55903,8677,2,64580,39
spyleadercs,nasa,0,2,55903,8677,2,64580,2
sarahkendrew,nhuntwalker,504,85,222,72,589,294,30
iamelohym,nasa,0,2,55903,8677,2,64580,0
gandhikathit,nasa,22,0,55903,8677,22,64580,8
todstertodd,nasa,17,5,55903,8677,22,64580,4
koen_hufkens,nasa,10,1,55903,8677,11,64580,17
summer_ash,astronomeara,793,73,101,9,866,110,159
iss_research,smartereveryday,268,20,50,4,288,54,253
badastronomer,starstryder,389,46,108,19,435,127,570
esa_rosetta,maven2mars,161,2,158,2,163,160,1053
coreyspowell,nasasunearth,429,83,125,11,512,136,296
kimmoldofsky,nasa,5,0,55903,8677,5,64580,49
tintinmameluko,nasa,0,2,55903,8677,2,64580,0
foreman_mike,nasaglenn,242,15,105,8,257,113,363
__dessxo,nasa,1,2,55903,8677,3,64580,2
elakdawalla,hirise,683,89,131,10,772,141,614
astronomolly,jr_pritchard,718,99,48,7,817,55,74
jrichardgott,phalpern,71,6,18,1,77,19,32
sciencealert,nasa,15,0,55903,8677,15,64580,421
riot_dr,space_station,39,5,8043,589,44,8632,20
dmufc58,nasa,0,2,55903,8677,2,64580,0
karenlmasters,kevinschawinski,383,31,182,43,414,225,121
sardararabic,nasa,4,0,55903,8677,4,64580,0
m_mcsquare,iss_research,58,3,4199,61,61,4260,46
davaexplorer,nasa,6,0,55903,8677,6,64580,734
astro_tj,ageekmom,130,6,89,9,136,98,262
hlgmftincisii,nasa,100,25,55903,8677,125,64580,1
bnixx,nasa,18,0,55903,8677,18,64580,19
therealbuzz,buzzs_xtina,175,6,64,3,181,67,128
nasa_technology,nasa360,244,7,39,0,251,39,713
astro_jonny,nasa,75,0,55903,8677,75,64580,261
asrivkin,prgrmr42,695,130,36,12,825,48,56
astronomolly,mirikramer,718,99,105,11,817,116,109
joebera,nasa,24,0,55903,8677,24,64580,6
americorpsvista,space_station,5,6,8043,589,11,8632,24
antoniskazou,nasa,15,2,55903,8677,17,64580,10
americorpsvista,astro_kate7,5,6,983,19,11,1002,8
seouleehi,nasa,2,2,55903,8677,4,64580,0
_kristinaluvsu,nasa,29,6,55903,8677,35,64580,27
whatdamath,spacedotcom,34,0,4724,125,34,4849,25
spockpeter,nasa,21,0,55903,8677,21,64580,9
1pherris,nasa,87,11,55903,8677,98,64580,42
astronomolly,ngc3314,718,99,96,10,817,106,67
asrivkin,roy_astro,695,130,15,10,825,25,15
nmpanek,apod,239,9,161,6,248,167,116
noisyastronomer,marsroveruh,396,62,20,2,458,22,81
dougperry2006,nasa,21,2,55903,8677,23,64580,19
lisaharveysmith,petercawdron,470,27,6,0,497,6,64
gobgxu,space_station,47,5,8043,589,52,8632,26
michael_w_busch,lukedones,649,152,246,45,801,291,80
davidspergel,shaka_lulu,75,18,133,22,93,155,96
_oscience,eso,34,0,1041,2,34,1043,22
astro_mike,homerhickam,344,15,10,0,359,10,116
teamslab,nasa,27,0,55903,8677,27,64580,45
datachick,nasa,80,0,55903,8677,80,64580,338
lina8294,nasa_johnson,81,0,4945,42,81,4987,162
mondayremedy,nasa,22,0,55903,8677,22,64580,7
rnavarrofjr,spacedotcom,39,0,4724,125,39,4849,78
zkm,nasa,16,0,55903,8677,16,64580,11
mrchikenp,nasa,10,0,55903,8677,10,64580,3
1hubbleradio,nasa,69,0,55903,8677,69,64580,148
lisaharveysmith,erica_vowles,470,27,5,0,497,5,21
astro_reid,dnews,349,36,15,2,385,17,23
badastronomer,katherinen,389,46,7,0,435,7,38
usembassysweden,nasa,7,0,55903,8677,7,64580,58
sehrish26929312,nasa,4,0,55903,8677,4,64580,0
canberradsn,esa_rosetta,35,2,4545,304,37,4849,301
randomspacefact,sungrazercomets,189,8,76,10,197,86,194
grunzwanzling42,nasa,29,9,55903,8677,38,64580,8
planet4589,lauriecantillo,888,169,15,2,1057,17,135
amdial,nasa,0,2,55903,8677,2,64580,20
renmiri1,spacedotcom,15,2,4724,125,17,4849,20
emilylurice,pkgw,418,43,25,1,461,26,28
iss_research,orbitalatk,268,20,296,35,288,331,1039
fercalp,nasa,10,0,55903,8677,10,64580,8
planet4589,alexwitze,888,169,72,15,1057,87,291
jmrozada,spacedotcom,65,1,4724,125,66,4849,119
astro_reid,smartereveryday,349,36,50,4,385,54,199
cassinisaturn,ianaregan,211,9,9,0,220,9,43
drkomanduri,nasa,16,2,55903,8677,18,64580,28
trainnutter_,nasa,6,0,55903,8677,6,64580,10
torybruno,nasaspaceflight,1379,106,56,5,1485,61,311
catherineq,upulie,686,98,129,17,784,146,226
ilovemarsfans,nasa,63,0,55903,8677,63,64580,290
minimrshmallow,nasa,14,0,55903,8677,14,64580,14
natecastronovo,nasa,10,0,55903,8677,10,64580,8
sarahkendrew,startorialist,504,85,201,16,589,217,78
mrcllngy,nasa,0,2,55903,8677,2,64580,0
vrooje,chrisenorth,394,81,76,6,475,82,89
ffsgeorge,nasa,1,2,55903,8677,3,64580,2
784578ggbatski,nasa,8,7,55903,8677,15,64580,6
briannacostaa,nasa,0,2,55903,8677,2,64580,1
elakdawalla,theearthstory,683,89,39,8,772,47,199
startalkradio,omcintyre,731,46,31,6,777,37,163
planet4589,emoontx,888,169,7,1,1057,8,14
angtomvideo,nasa,11,0,55903,8677,11,64580,8
willgater,tomkerss,499,18,19,0,517,19,113
jaybirdone,nasa_technology,66,8,2473,11,74,2484,47
icedpyre,space_station,3,4,8043,589,7,8632,1
astroduff,_ali_gray,803,112,4,0,915,4,24
esa_rosetta,bbcstargazing,161,2,218,12,163,230,564
djboptics,nasa,8,2,55903,8677,10,64580,66
richrawn,esa_rosetta,4,0,4545,304,4,4849,0
awb_org,nasa,33,17,55903,8677,50,64580,232
samsharmano1,nasa,65,0,55903,8677,65,64580,8
spacegovuk,ukspaceacademy,324,13,11,0,337,11,105
nickastronomer,r_trotta,1203,166,17,4,1369,21,83
cactusthelynx,nasa,14,1,55903,8677,15,64580,9
astrodot,astrowendyl,335,8,9,0,343,9,104
dr_lucie,erikapal,619,24,6,0,643,6,16
asrivkin,astroaddie,695,130,8,0,825,8,23
doctor_astro,johnrsports,338,31,53,4,369,57,83
sarahkendrew,sleepypenguin1,504,85,3,2,589,5,6
cosmic_horizons,science_academy,523,148,48,4,671,52,53
immoh8,nasa,25,0,55903,8677,25,64580,22
landoulsy_007,nasa,22,0,55903,8677,22,64580,9
nasa,iss_casis,381,34,117,6,415,123,1344
myproverb,nasa,11,4,55903,8677,15,64580,0
epicchch,nasa,6,0,55903,8677,6,64580,11
semimooch,nasa,28,3,55903,8677,31,64580,45
lanzatech,spacex,6,6,9247,328,12,9575,9
quintonkilgoeii,spacedotcom,11,0,4724,125,11,4849,2
nasakennedy,nasa_marshall,345,13,95,5,358,100,1269
varon_carol,nasa,16,1,55903,8677,17,64580,12
sarahkendrew,e_astronomer,504,85,64,9,589,73,86
astronomolly,aussiastronomer,718,99,95,16,817,111,99
skyatnightmag,hubble_space,29,7,2208,2,36,2210,220
m13kd,nasa,10,1,55903,8677,11,64580,44
rainbow_foxy,nasa,5,0,55903,8677,5,64580,2
andro656,nasa,9,3,55903,8677,12,64580,11
universetoday,ken_kremer,1492,21,337,4,1513,341,94
mrlundscience,nasa,18,0,55903,8677,18,64580,30
the_solarsystem,maximaxoo,847,1,55,1,848,56,280
nasa_johnson,nasaglenn,200,7,105,8,207,113,1089
tayyrayyy,nasa,53,13,55903,8677,66,64580,5
elbloqueado,spacedotcom,10,0,4724,125,10,4849,6
5tousn,nasa,24,0,55903,8677,24,64580,2
torybruno,dslauretta,1379,106,28,0,1485,28,179
shuttlealmanac,nasa,71,4,55903,8677,75,64580,512
engineerakadir,esa_rosetta,15,0,4545,304,15,4849,5
astro_joao,esa,54,0,5155,135,54,5290,97
astroguyz,universetoday,78,1,1844,16,79,1860,369
planet4589,kevinschawinski,888,169,182,43,1057,225,106
writers_hq,nasa,0,2,55903,8677,2,64580,6
r_toptas_,space_station,120,0,8043,589,120,8632,270
robhelmink,nasa,0,4,55903,8677,4,64580,3
stromspace,nasa,16,1,55903,8677,17,64580,66
kualalumper2003,nasa,6,2,55903,8677,8,64580,3
niais,prgrmr42,265,36,36,12,301,48,57
freitasozanilo,nasa,14,0,55903,8677,14,64580,12
bushi_jp,nasa,5,0,55903,8677,5,64580,18
elderj_jackie,nasa,20,12,55903,8677,32,64580,17
solomondegia,nasa,20,0,55903,8677,20,64580,5
capoglou,esa,19,0,5155,135,19,5290,122
fotofill,nasa,15,0,55903,8677,15,64580,25
jannalevin,gravitate_to_me,185,30,46,4,215,50,95
astronomolly,josh_sokol,718,99,23,2,817,25,44
the_solarsystem,fcain,847,1,112,3,848,115,407
kdg_14,nasa,9,1,55903,8677,10,64580,6
artshumana,nasa,8,0,55903,8677,8,64580,44
sandras3666,nasa,6,0,55903,8677,6,64580,4
genejm29,space_station,192,2,8043,589,194,8632,592
dr_lucie,jen_gupta,619,24,120,9,643,129,107
msroberts0619,nasa,7,3,55903,8677,10,64580,5
betulland,c0nc0rdance,47,8,6,2,55,8,2
tb5977,therealbuzz,6,4,3045,28,10,3073,4
anniedanz,lkrauss1,24,1,1189,2,25,1191,3
taramaeypetrie,nasa,5,0,55903,8677,5,64580,4
spacegovuk,bbcstargazing,324,13,218,12,337,230,418
dripping_bleu,nasa,0,2,55903,8677,2,64580,1
annelephand,nasa,0,2,55903,8677,2,64580,0
asrivkin,jasonrdavis,695,130,46,2,825,48,101
astrokatie,peterdedmonds,775,102,115,14,877,129,236
astro_reid,pillownaut,349,36,83,10,385,93,269
harrybulzonya,nasa,25,0,55903,8677,25,64580,66
anoushehansari,nasa,29,0,55903,8677,29,64580,353
tafokints,chipotletweets,18,3,11,0,21,11,0
fscomposer,nasa,138,0,55903,8677,138,64580,34
nasajpl,asteroidwatch,352,20,70,3,372,73,1642
jamesaspinall8,nasa,6,0,55903,8677,6,64580,2
iqdaren,nasa,147,0,55903,8677,147,64580,5
19jpullen68,nasa,0,2,55903,8677,2,64580,3
cipherhouse,nasa,22,2,55903,8677,24,64580,80
drsykeleffler,nasa,0,2,55903,8677,2,64580,0
overholtmarilyn,nasa,8,0,55903,8677,8,64580,4
timpap11,nasa,10,1,55903,8677,11,64580,14
chrislintott,merrdiff,660,103,120,20,763,140,105
me_albar1,space_station,23,41,8043,589,64,8632,5
_alyhernandez,nasa,0,2,55903,8677,2,64580,2
jannalevin,thusspokejon,185,30,28,4,215,32,14
bhgross144,stationcdrkelly,24,0,5228,24,24,5252,56
astrokatie,jpmajor,775,102,165,18,877,183,525
engramer786,space_station,1,6,8043,589,7,8632,1
sungrazercomets,nasa,46,0,55903,8677,46,64580,481
eso,skyandtelescope,186,4,66,1,190,67,494
dr_lucie,helen_hm11,619,24,36,5,643,41,90
nickastronomer,astrotomato,1203,166,10,2,1369,12,19
randomspacefact,hirise,189,8,131,10,197,141,259
bambocheur,nasa,35,0,55903,8677,35,64580,25
_oscience,nasagoddard,34,0,2786,23,34,2809,25
karenlmasters,libbyjackson__,383,31,30,2,414,32,98
universenme,nasa,19,0,55903,8677,19,64580,62
philipseacrest,nasa,33,1,55903,8677,34,64580,23
bamit_das,space_station,30,0,8043,589,30,8632,7
asphaaalt,nasa,12,0,55903,8677,12,64580,17
astro_sandy,aiaa,31,0,34,0,31,34,296
lanzatech,nasa,6,6,55903,8677,12,64580,18
upportunityu,nasa,83,1,55903,8677,84,64580,382
allisonlanza,nasa,0,3,55903,8677,3,64580,13
gaikwadvishalr,nasa,0,2,55903,8677,2,64580,0
astroduff,astronomyblog,803,112,163,20,915,183,98
kevrs,nasa,24,0,55903,8677,24,64580,3
rocket_woman1,nasa,103,0,55903,8677,103,64580,612
dineshkumargph1,nasa,0,2,55903,8677,2,64580,0
msastaire,nasa,20,0,55903,8677,20,64580,4
michael_w_busch,osirisrex,649,152,382,23,801,405,107
summer_ash,gravitate_to_me,793,73,46,4,866,50,177
astro_mike,soledadobrien,344,15,31,0,359,31,157
planet4589,tracy_karin,888,169,18,0,1057,18,227
planetquest,nasakepler,139,11,309,24,150,333,652
cosmicpinot,mjibrown,257,53,124,30,310,154,72
summer_ash,mikamckinnon,793,73,147,16,866,163,253
uranussideways,marscuriosity,68,81,7139,52,149,7191,13
zerstaubung,space_station,78,10,8043,589,88,8632,71
vrooje,profmike_m,394,81,115,18,475,133,58
vrooje,merrdiff,394,81,120,20,475,140,90
willgater,suthers,499,18,30,0,517,30,182
alvagraul,spacedotcom,62,0,4724,125,62,4849,139
jannalevin,cnn,185,30,57,14,215,71,57
gimmiethestick,nasa,47,37,55903,8677,84,64580,1
chrisosberg,nasa,5,0,55903,8677,5,64580,2
treb91,nasa,3,2,55903,8677,5,64580,8
alanfrickman,nasa,10,0,55903,8677,10,64580,5
cicoil,nasa,46,1,55903,8677,47,64580,110
planet4589,skyrocket71,888,169,21,4,1057,25,109
coreyspowell,dcastelvecchi,429,83,18,0,512,18,68
jhjones,milkysa,449,49,32,3,498,35,64
dalcantonjd,jr_pritchard,677,164,48,7,841,55,74
astro_aggie,pc0101,164,14,77,10,178,87,103
pyocumpl,nasa,13,0,55903,8677,13,64580,8
dalcantonjd,astronomeara,677,164,101,9,841,110,83
chrislintott,b0yle,660,103,86,2,763,88,259
corvaxia,nasa,62,0,55903,8677,62,64580,125
sanzelowitz,marscuriosity,81,3,7139,52,84,7191,99
diamondave,nasa,9,0,55903,8677,9,64580,8
try_and_guess,nasa,1,3,55903,8677,4,64580,0
aferreiramelo,nasa,16,0,55903,8677,16,64580,17
dalcantonjd,e_astronomer,677,164,64,9,841,73,54
davidwhogg,physicsmatt,571,104,33,2,675,35,52
fish_speaker,nasa,6,0,55903,8677,6,64580,3
vrooje,blackphysicists,394,81,54,9,475,63,99
davidwhogg,biphenyl,571,104,14,2,675,16,34
petitpipo,nasa,15,2,55903,8677,17,64580,6
itsprincecasmir,nasa,1,2,55903,8677,3,64580,0
dr_lucie,standupmaths,619,24,65,4,643,69,100
kaidaddy219,nasa,2,2,55903,8677,4,64580,6
chrislintott,shaka_lulu,660,103,133,22,763,155,155
_oscience,nasa,34,0,55903,8677,34,64580,52
tate_jesus_chri,space_station,93,27,8043,589,120,8632,0
thebreezecorner,nasa,0,2,55903,8677,2,64580,0
kissingscarlett,nasa,6,2,55903,8677,8,64580,8
astrokatie,mcnees,775,102,271,63,877,334,187
elakdawalla,tweetsoutloud,683,89,155,13,772,168,618
catherineq,jimmoor70058163,686,98,10,2,784,12,19
ganga43496733,nasa,23,0,55903,8677,23,64580,2
interplanetypod,nasa,136,1,55903,8677,137,64580,496
treeseatkites,space_station,33,4,8043,589,37,8632,27
jbyrrrd66,nasa,0,2,55903,8677,2,64580,0
fentross_d,nasa,8,0,55903,8677,8,64580,4
moon46191,nasa,69,0,55903,8677,69,64580,66
willgater,mars_stu,499,18,65,8,517,73,164
mitchroffer,nasasocial,24,1,2340,8,25,2348,33
7293daniel8787,spacedotcom,50,0,4724,125,50,4849,132
astroduff,upulie,803,112,129,17,915,146,157
tate_jesus_chri,csa_asc,93,27,1582,13,120,1595,0
spacegovuk,space_tom,324,13,13,0,337,13,90
startalkradio,natgeochannel,731,46,70,3,777,73,213
leacasa,nasasocial,21,0,2340,8,21,2348,17
space_station,orbitalatk,267,27,296,35,294,331,1220
summer_ash,mirikramer,793,73,105,11,866,116,225
alvinseven77,spacex,16,0,9247,328,16,9575,13
techrepublic,nasa,10,0,55903,8677,10,64580,258
1percent28,nasa,1,4,55903,8677,5,64580,2
startalkradio,flndr6,731,46,29,4,777,33,25
planet4589,shannonmstirone,888,169,71,13,1057,84,190
themurdochtimes,nasa,5,2,55903,8677,7,64580,90
anticheol,nasa,1,2,55903,8677,3,64580,1
amandagbeaver,nasa,7,1,55903,8677,8,64580,18
nasa,nasa_dawn,381,34,234,16,415,250,2204
planet4589,rocketscient1st,888,169,5,2,1057,7,61
chrislintott,aagie,660,103,43,4,763,47,155
nickastronomer,carolynporco,1203,166,150,10,1369,160,272
tenacioustopper,nasa,7,0,55903,8677,7,64580,55
badastronomer,tamarakrinsky,389,46,10,1,435,11,82
nasasocial,astro_wheels,589,5,185,7,594,192,732
ormiga,nasa,11,5,55903,8677,16,64580,55
cosmos4u,esa_rosetta,108,3,4545,304,111,4849,432
munsterkitten,nasa,6,0,55903,8677,6,64580,7
chris_tibbs,spacex,47,1,9247,328,48,9575,107
spacegovuk,louiestowell,324,13,23,0,337,23,70
tylerfeague,nasa,9,0,55903,8677,9,64580,4
elakdawalla,ascendingnode,683,89,152,22,772,174,219
astro_cady,orbitalatk,318,9,296,35,327,331,606
coreyspowell,rachelfeltman,429,83,57,8,512,65,183
rapic2012,astro_timpeake,2,2,3394,32,4,3426,3
marcmcardle1,nasa,5,0,55903,8677,5,64580,6
coreyspowell,ronbaalke,429,83,58,6,512,64,295
alihelmy,nasa,31,0,55903,8677,31,64580,49
pater429,nasa,6,1,55903,8677,7,64580,4
spaceanswers,newhorizons2015,106,6,2276,5,112,2281,336
korsasap,nasa,46,0,55903,8677,46,64580,74
jenniesparzaa_,nasa,11,0,55903,8677,11,64580,13
dr_lucie,cosmos4u,619,24,186,34,643,220,139
climamgta,nasa,42,0,55903,8677,42,64580,77
claudiaalvaran2,nasa,57,0,55903,8677,57,64580,51
astro_timpeake,linds_bluepeter,294,33,11,0,327,11,30
spacex,spacecom,185,2,78,1,187,79,611
chemtoy00,nasa,15,8,55903,8677,23,64580,3
kimberlyrose356,nasa,10,1,55903,8677,11,64580,12
mbobservatory,esa_rosetta,37,0,4545,304,37,4849,66
astroduff,abcnews24,803,112,37,7,915,44,46
dr_lucie,einionyn,619,24,28,0,643,28,76
starnerd1,spacedotcom,73,0,4724,125,73,4849,327
naturenews,esa_rosetta,37,0,4545,304,37,4849,779
jeffporterwx,nasa,9,2,55903,8677,11,64580,18
mrfusionworld,nasa_orion,11,6,2923,59,17,2982,7
thedarkestsq,nasa,1,2,55903,8677,3,64580,0
lshapiro30,nasa,14,7,55903,8677,21,64580,12
nickastronomer,craftlass,1203,166,34,7,1369,41,182
ositaemeoha,nasa,15,0,55903,8677,15,64580,21
drwaheeduddin,nasa,17,0,55903,8677,17,64580,108
dalcantonjd,nhuntwalker,677,164,222,72,841,294,36
astro_jeremy,datachick,107,13,16,5,120,21,143
vrooje,penguingalaxy,394,81,57,7,475,64,74
djdelleon,spacedotcom,97,7,4724,125,104,4849,55
spacegovuk,timmermansr,324,13,49,5,337,54,532
catherineq,smenor,686,98,2,3,784,5,22
doctor_astro,planetdr,338,31,783,153,369,936,166
gagaclone,nasa,8,0,55903,8677,8,64580,2
coreyspowell,cosmos4u,429,83,186,34,512,220,292
garbtweeter,nasa,1,4,55903,8677,5,64580,19
hellogiggles,nasa,8,0,55903,8677,8,64580,140
elakdawalla,tanyaofmars,683,89,87,7,772,94,711
jhjones,lukedones,449,49,246,45,498,291,53
larsmessing,nasa,20,0,55903,8677,20,64580,17
beckephysics,esa_rosetta,78,0,4545,304,78,4849,198
chrislintott,johndebes,660,103,66,18,763,84,86
hanigamal,nasa,24,0,55903,8677,24,64580,8
senorrac,space_station,52,0,8043,589,52,8632,106
elakdawalla,tedstryk,683,89,54,6,772,60,185
lshapiro30,spacedotcom,14,7,4724,125,21,4849,9
michael_w_busch,kejames,649,152,136,28,801,164,64
alex_parker,wowinthedetails,1175,160,9,2,1335,11,8
m_mcsquare,nasa,58,3,55903,8677,61,64580,71
icppat,nasa,35,0,55903,8677,35,64580,87
romn8tr,nasa,47,0,55903,8677,47,64580,183
douched_,nasa,1,4,55903,8677,5,64580,9
tariqjmalik,nasa,122,2,55903,8677,124,64580,533
rodrigonunescal,nasa,54,0,55903,8677,54,64580,141
masoomjethwa,esa,57,5,5155,135,62,5290,93
justuswingert,nasa,8,0,55903,8677,8,64580,5
cgi_motion,nasa,10,3,55903,8677,13,64580,49
astronomolly,mcnees,718,99,271,63,817,334,88
sassyshark2,space_station,65,11,8043,589,76,8632,47
noisyastronomer,rdcrisp,396,62,13,8,458,21,19
cosmicpinot,garthgodsman,257,53,2,2,310,4,4
scibry,pkgw,267,10,25,1,277,26,31
astro_jeanette,thom_astro,83,1,221,14,84,235,305
space_all_day,nasa,42,0,55903,8677,42,64580,47
davidwhogg,michaelaye,571,104,13,5,675,18,24
tafokints,themoon112,18,3,5,2,21,7,8
the_solarsystem,spaceanthro,847,1,17,0,848,17,188
esa,sciencemuseum,597,15,140,4,612,144,658
lamboholic1,nasa,58,5,55903,8677,63,64580,43
craturloue,nasa,9,0,55903,8677,9,64580,6
astrokatie,mggttaylor,775,102,158,13,877,171,342
13adh13,nasa,26,0,55903,8677,26,64580,76
planet4589,robotbeat,888,169,51,9,1057,60,135
spacenews_inc,brianweeden,281,19,11,1,300,12,103
dr_lucie,mggttaylor,619,24,158,13,643,171,215
astronomia_ve,esa,49,0,5155,135,49,5290,105
drfunkyspoon,elevenpointtwo,628,95,13,3,723,16,157
portland_ghosts,marscuriosity,199,116,7139,52,315,7191,19
therealbuzz,bbcstargazing,175,6,218,12,181,230,440
inthenightshot,nasa,10,0,55903,8677,10,64580,10
astro2fish,astro_clay,128,7,181,8,135,189,372
startalkradio,tungsten_flight,731,46,49,2,777,51,121
summer_ash,nasakepler,793,73,309,24,866,333,311
damienwise,esa_rosetta,25,0,4545,304,25,4849,21
eduardonauiack,nasa,11,0,55903,8677,11,64580,7
sakavjagam,nasa,4,0,55903,8677,4,64580,2
edwardtbabinski,cosmic_horizons,9,1,69,2,10,71,6
michaelabenda,astroterry,31,0,1670,3,31,1673,25
xxdarkwolf67xx,nasa,11,6,55903,8677,17,64580,10
alex_parker,cirquelar,1175,160,81,13,1335,94,279
danielatalaya,esa_rosetta,45,2,4545,304,47,4849,50
willgater,cosmos4u,499,18,186,34,517,220,243
niais,demitrimuna,265,36,57,12,301,69,39
matteorossini,nasa,101,0,55903,8677,101,64580,251
esa,esa_eo,597,15,51,1,612,52,430
manikoy,nasa,16,2,55903,8677,18,64580,20
istriketheissue,nasa,14,0,55903,8677,14,64580,10
jaybirdone,space_station,66,8,8043,589,74,8632,46
nickastronomer,jen_gupta,1203,166,120,9,1369,129,109
michael_w_busch,sondy,649,152,422,82,801,504,122
ronbaalke,esa_rosetta,79,0,4545,304,79,4849,419
fadilhamman,nasa,6,0,55903,8677,6,64580,3
spaceanswers,cassinisaturn,106,6,3863,85,112,3948,342
wearequindar,nasa,7,0,55903,8677,7,64580,5
spacecoral,nasa,66,0,55903,8677,66,64580,138
astro_jeremy,orbitalatk,107,13,296,35,120,331,461
jaycamikengl,spacedotcom,2,2,4724,125,4,4849,4
livescience,nasa,41,0,55903,8677,41,64580,1151
michael_w_busch,allplanets,649,152,66,3,801,69,89
albertfeynman,esa,65,9,5155,135,74,5290,75
spaceleclerc,csa_asc,38,0,1582,13,38,1595,109
joshcldr,nasa,0,2,55903,8677,2,64580,0
momyintsanlu,spacedotcom,7,1,4724,125,8,4849,7
4n0rdc,space_station,57,17,8043,589,74,8632,24
jaimeandrea,nasa,35,0,55903,8677,35,64580,90
ryinspace,nasa,66,0,55903,8677,66,64580,352
bodhrajlamsal,astro_kate7,0,2,983,19,2,1002,0
sudbri,space_station,61,1,8043,589,62,8632,131
exploreplanets,planetdr,291,11,783,153,302,936,581
doctorchipotle,nasa,2,2,55903,8677,4,64580,0
coolhunting,nasa,5,0,55903,8677,5,64580,253
erinservillo,nasa,0,2,55903,8677,2,64580,2
astrokatie,jtotheizzoe,775,102,19,2,877,21,168
patelishan2235,spacedotcom,68,0,4724,125,68,4849,108
lisaharveysmith,canberradsn,470,27,85,3,497,88,95
catherineq,kennicosmith,686,98,45,4,784,49,277
blaugranaj,nasa,1,2,55903,8677,3,64580,2
thejarren,nasa,19,0,55903,8677,19,64580,18
summer_ash,peterdedmonds,793,73,115,14,866,129,175
sarahkendrew,markmccaughrean,504,85,236,44,589,280,104
angelgal999,nasa,0,2,55903,8677,2,64580,3
dramandafaith,nasa,10,0,55903,8677,10,64580,8
torybruno,nasa_sls,1379,106,213,16,1485,229,414
mikeyjay954,nasa,1,2,55903,8677,3,64580,1
astro_jeremy,esastro_trainer,107,13,35,5,120,40,156
davidwhogg,shaka_lulu,571,104,133,22,675,155,139
hannahward,nasa,0,2,55903,8677,2,64580,5
nickastronomer,leaving_orbit,1203,166,31,10,1369,41,126
astro_reid,sharonbrunton,349,36,33,5,385,38,116
spacerengel,marscuriosity,125,1,7139,52,126,7191,239
kamakapahinui,nasa,17,2,55903,8677,19,64580,9
marcgozlan,nasa,5,0,55903,8677,5,64580,25
randomspacefact,jasonrdavis,189,8,46,2,197,48,205
astro_cady,girlscouts,318,9,16,0,327,16,76
ianamm,space_station,20,0,8043,589,20,8632,16
sachi_bbsr,nasa,58,1,55903,8677,59,64580,96
alex_parker,planetdr,1175,160,783,153,1335,936,473
drphilmarshall,shaka_lulu,248,36,133,22,284,155,75
sarahkendrew,aallan,504,85,27,8,589,35,58
nasa,nasakepler,381,34,309,24,415,333,2579
xorpex,nasa,30,1,55903,8677,31,64580,53
nasa,nasaglenn,381,34,105,8,415,113,1218
gothicbeau,astroterry,23,0,1670,3,23,1673,17
noisyastronomer,lmfinney,396,62,6,0,458,6,5
jkheaton,nasa,65,2,55903,8677,67,64580,258
cheyenne_nale,nasa,1,2,55903,8677,3,64580,1
irondeveloper,nasa,51,0,55903,8677,51,64580,68
coreyspowell,hirise,429,83,131,10,512,141,311
drfunkyspoon,tan123,628,95,5,4,723,9,4
cosmic_horizons,strom_m,523,148,31,17,671,48,22
catherineq,ascendingnode,686,98,152,22,784,174,144
jhjones,veronicamcg,449,49,40,1,498,41,111
astrokatie,riaus,775,102,35,4,877,39,89
elakdawalla,arielwaldman,683,89,74,1,772,75,339
astro_timpeake,sciencemuseum,294,33,140,4,327,144,524
lilelectronblue,spacex,4,7,9247,328,11,9575,6
planet4589,spaceguy87,888,169,36,0,1057,36,236
gizmosocks,nasa,22,5,55903,8677,27,64580,3
nasagoddard,nasa_marshall,466,18,95,5,484,100,1200
nasagoddard,spaceyliz,466,18,14,0,484,14,209
vijaypatnaik,nasa,7,0,55903,8677,7,64580,4
clodufo,nasa,22,0,55903,8677,22,64580,1
astro_physical_,nasa,25,0,55903,8677,25,64580,30
teaponpi,nasa,0,2,55903,8677,2,64580,5
lupa1065,nasa,0,13,55903,8677,13,64580,0
1hubbleradio,nasa_astronauts,69,0,3739,63,69,3802,98
jarbassantos1,nasa,4,0,55903,8677,4,64580,0
passionyuriko,nasa,46,0,55903,8677,46,64580,53
astro_mike,intrepidmuseum,344,15,143,3,359,146,254
thestructureman,nasajpl,17,0,4957,65,17,5022,16
gracegarciayves,nasa,0,2,55903,8677,2,64580,0
birdseye1,nasa,9,5,55903,8677,14,64580,62
jwheeler7764,nasa,50,0,55903,8677,50,64580,75
chrislintott,carlyhowett,660,103,44,3,763,47,90
chrislintott,demitrimuna,660,103,57,12,763,69,45
chrislintott,bbcstargazing,660,103,218,12,763,230,342
chris_tibbs,esa_rosetta,47,1,4545,304,48,4849,113
marconovelli76,nasa,5,0,55903,8677,5,64580,5
eyezallaround,nasa,10,1,55903,8677,11,64580,13
billyjbryant,nasa,32,0,55903,8677,32,64580,46
sarahkendrew,profmike_m,504,85,115,18,589,133,73
astro_tj,carbon_flight,130,6,89,5,136,94,192
scibry,dawnbazely,267,10,11,2,277,13,29
nmetinyurt,space_station,82,7,8043,589,89,8632,12
badastronomer,amandaschull,389,46,38,4,435,42,6
calmuggo,spacex,109,65,9247,328,174,9575,10
dakhardwick,nasa,8,0,55903,8677,8,64580,17
scute1133,esa_rosetta,10,0,4545,304,10,4849,24
jimhillhouse,nasa,15,0,55903,8677,15,64580,41
catherineq,gruntledchalkie,686,98,19,2,784,21,35
chrislintott,reneehlozek,660,103,97,14,763,111,143
drfunkyspoon,numinouscosmos,628,95,19,3,723,22,24
vanberf,nasa_orion,6,4,2923,59,10,2982,3
nickastronomer,nasahistory,1203,166,103,5,1369,108,398
astro_timpeake,rjmlaird,294,33,31,3,327,34,377
elakdawalla,brianwolven,683,89,295,52,772,347,142
space_station,ulalaunch,267,27,566,37,294,603,1053
abwdxb,nasa,1,2,55903,8677,3,64580,3
lisaharveysmith,jontihorner,470,27,31,5,497,36,62
planet4589,spacekate,888,169,47,1,1057,48,269
csa_asc,amandagteach,358,9,8,0,367,8,105
r_toptas_,nasa,120,0,55903,8677,120,64580,381
mcguire1978,nasa,0,2,55903,8677,2,64580,0
32missi,nasa,8,0,55903,8677,8,64580,3
drfunkyspoon,theearthstory,628,95,39,8,723,47,117
davidwhogg,ngc3314,571,104,96,10,675,106,57
sudinasa,nasa,7,0,55903,8677,7,64580,2
nasajpl,nasa_dawn,352,20,234,16,372,250,1754
bostonmacosx,nasa,0,2,55903,8677,2,64580,0
astroduff,mbobservatory,803,112,16,1,915,17,54
sherib1968,nasa,47,1,55903,8677,48,64580,109
egvick,nasa,83,2,55903,8677,85,64580,431
douglasanders10,spacedotcom,64,1,4724,125,65,4849,98
esa,esaherschel,597,15,74,7,612,81,705
dalcantonjd,jegpeek,677,164,251,42,841,293,80
randomspacefact,planrad,189,8,49,5,197,54,97
nickastronomer,timmermansr,1203,166,49,5,1369,54,422
h_tavassolian,nasa,24,0,55903,8677,24,64580,45
gerlinderud,nasa,51,0,55903,8677,51,64580,65
nasa_johnson,nasajscstudents,200,7,25,0,207,25,193
davidwhogg,rdrimmel,571,104,30,5,675,35,31
sectumsemrpa,nasa,0,2,55903,8677,2,64580,2
nasawatch,spacex,74,9,9247,328,83,9575,904
titione53,nasa,14,1,55903,8677,15,64580,27
the_solarsystem,davidbflower,847,1,122,1,848,123,220
asrivkin,verbiscer,695,130,44,6,825,50,52
lupa1063,nasa,0,12,55903,8677,12,64580,0
spaceflightins,nasa,114,0,55903,8677,114,64580,866
stijnaugustynen,nasa,18,0,55903,8677,18,64580,5
vinicheck_jorge,nasa,6,0,55903,8677,6,64580,2
astrokatie,cirquelar,775,102,81,13,877,94,311
philip_freitag,nasa,19,0,55903,8677,19,64580,20
17brighid,nasa,4,0,55903,8677,4,64580,1
dhunttweets,space_station,42,10,8043,589,52,8632,19
astropixie,chrisenorth,416,43,76,6,459,82,120
tdbeadles,nasa,46,0,55903,8677,46,64580,117
drphilmarshall,megschwamb,248,36,121,9,284,130,68
sallyridesci,nasa,54,0,55903,8677,54,64580,366
kaitzeit,nasa,1,2,55903,8677,3,64580,2
amandagteach,csa_asc,49,0,1582,13,49,1595,105
planet4589,tweetsoutloud,888,169,155,13,1057,168,290
drfunkyspoon,carolynporco,628,95,150,10,723,160,245
kmac030,nasa,8,2,55903,8677,10,64580,3
nickastronomer,crocodilekatie,1203,166,10,1,1369,11,119
784578ggbatski,nasa_johnson,8,7,4945,42,15,4987,3
pablodiablo94,nasa,1,2,55903,8677,3,64580,4
tmthawaii,nasa,93,0,55903,8677,93,64580,214
envenio,nasa,7,0,55903,8677,7,64580,12
spacenews_inc,inmarsatglobal,281,19,20,1,300,21,98
smartycat84,nasa,10,11,55903,8677,21,64580,5
summer_ash,benmakestv,793,73,39,3,866,42,53
planet4589,startorialist,888,169,201,16,1057,217,126
coreyspowell,sungrazercomets,429,83,76,10,512,86,252
mothermichael,nasa,7,2,55903,8677,9,64580,6
epiccareering,nasa,8,0,55903,8677,8,64580,25
shannonmstirone,nasa,71,2,55903,8677,73,64580,291
astro2fish,amikokauderer,128,7,43,5,135,48,175
esa_rosetta,mggttaylor,161,2,158,13,163,171,550
avgvstvsviking,space_station,19,14,8043,589,33,8632,3
nasa_johnson,jennyonconsole,200,7,19,0,207,19,192
satnettv,nasasocial,13,0,2340,8,13,2348,4
alex_parker,carlyhowett,1175,160,44,3,1335,47,120
unitedflexible,nasa,6,0,55903,8677,6,64580,2
planet4589,sciguyspace,888,169,83,9,1057,92,250
karenlmasters,mjibrown,383,31,124,30,414,154,78
sherilynwrites,nasa,27,0,55903,8677,27,64580,32
globemenot,nasa,16,0,55903,8677,16,64580,5
spaceindnews,nasa,96,0,55903,8677,96,64580,410
earlysale,space_station,3,4,8043,589,7,8632,1
934672207chen,nasa,0,2,55903,8677,2,64580,1
universetoday,nancy_a,1492,21,162,1,1513,163,374
acetherealshady,nasa,4,0,55903,8677,4,64580,2
sannsibble,nasa,91,0,55903,8677,91,64580,203
csa_asc,drcrater,358,9,139,7,367,146,175
astropixie,aus_scienceweek,416,43,35,3,459,38,80
dale_the_cooper,the_solarsystem,32,4,691,2,36,693,12
rhino1kevin,nasa,11,0,55903,8677,11,64580,11
jagoff12,nasa,55,5,55903,8677,60,64580,47
drerikmcbride,nasa,8,8,55903,8677,16,64580,2
akananth,space_station,0,4,8043,589,4,8632,0
astrorm,astro_clay,155,3,181,8,158,189,447
space_station,nasaglenn,267,27,105,8,294,113,971
dalcantonjd,darth,677,164,28,8,841,36,20
drstuclark,esa,58,0,5155,135,58,5290,359
_herbbaker,nasa_johnson,17,0,4945,42,17,4987,250
rainbowbird1986,nasa,29,0,55903,8677,29,64580,44
space_station,nasa_marshall,267,27,95,5,294,100,1178
nasahistory,space_station,72,0,8043,589,72,8632,1485
nickastronomer,louiestowell,1203,166,23,0,1369,23,62
quixoticnance,nasa,28,0,55903,8677,28,64580,89
miraioritekita,nasa,11,0,55903,8677,11,64580,10
thomaspaineit,nasa,35,0,55903,8677,35,64580,20
btw_lol,nasa,7,0,55903,8677,7,64580,28
betulland,phylogenomics,47,8,7,2,55,9,16
jsin,nasa,7,0,55903,8677,7,64580,16
alex_parker,tweetsoutloud,1175,160,155,13,1335,168,320
linleydavis,nasa,1,2,55903,8677,3,64580,4
torybruno,simberg_space,1379,106,13,3,1485,16,152
qvitka,nasa,5,0,55903,8677,5,64580,0
astro_alex,carbon_flight,126,18,89,5,144,94,251
astroduff,melissandre_l,803,112,7,1,915,8,8
trumphillarypol,nasa,18,5,55903,8677,23,64580,16
esa,esa_edm,597,15,299,24,612,323,683
nasa_johnson,commercial_crew,200,7,120,2,207,122,822
smuttydolan,nasa,0,2,55903,8677,2,64580,0
tanyahutchins,nasa,3,2,55903,8677,5,64580,30
animalarnie,nasa,66,8,55903,8677,74,64580,28
stargazerfred,abcnews24,295,51,37,7,346,44,27
esa_rosetta,markmccaughrean,161,2,236,44,163,280,270
nasa_orion,aerojetrdyne,280,5,36,1,285,37,375
dontpanicbjtj,nasa,7,1,55903,8677,8,64580,3
xxarch3r4lif3xx,nasa,22,0,55903,8677,22,64580,0
zigzagfx,nasa,11,3,55903,8677,14,64580,10
thegrannyhere,nasa,6,0,55903,8677,6,64580,1
romano_brumini,nasa,33,0,55903,8677,33,64580,11
antdeezy05,nasa,17,3,55903,8677,20,64580,10
satnettv,nasa,13,0,55903,8677,13,64580,8
irefune,nasa,6,1,55903,8677,7,64580,1
_ni_sa___,nasa,11,1,55903,8677,12,64580,5
uniofleicester,astro_timpeake,14,0,3394,32,14,3426,51
ska_telescope,tim_o_brien,117,5,58,3,122,61,90
torybruno,austinonsocial,1379,106,13,5,1485,18,131
sebgarrix,nasa,5,0,55903,8677,5,64580,5
rappolee,torybruno,31,0,623,3,31,626,54
nmetinyurt,iss_research,82,7,4199,61,89,4260,11
theuniverse_tm,pharaoness,159,3,38,3,162,41,101
davidwhogg,geerthub,571,104,134,14,675,148,114
astrodot,esastro_trainer,335,8,35,5,343,40,157
johnpaul_od,esa,8,1,5155,135,9,5290,2
emceeslim,nasa,54,9,55903,8677,63,64580,21
aiiciia,nasa,1,2,55903,8677,3,64580,0
thatmattersland,nasa,5,0,55903,8677,5,64580,2
emily_pope1999,nasa,0,2,55903,8677,2,64580,0
csa_asc,osirisrex,358,9,382,23,367,405,583
scr1nrusher,nasa,8,0,55903,8677,8,64580,4
willgater,nasa_dawn,499,18,234,16,517,250,269
dustinzick,nasa,28,0,55903,8677,28,64580,20
elizeurodri,nasa,6,0,55903,8677,6,64580,3
ytnewswire,nasa,13,1,55903,8677,14,64580,63
taipan30,nasa,0,3,55903,8677,3,64580,7
jonathanfaull,nasa,67,0,55903,8677,67,64580,217
karenlmasters,jr_pritchard,383,31,48,7,414,55,102
michael_w_busch,kennicosmith,649,152,45,4,801,49,98
philippacrick,nasa,6,0,55903,8677,6,64580,4
maximaxoo,nasa,61,7,55903,8677,68,64580,641
spacerengel,nasa,125,1,55903,8677,126,64580,321
imdiabetic524,nasa,2,2,55903,8677,4,64580,3
pakkonenhybrid,nasa,11,0,55903,8677,11,64580,10
gabbistubbs,nasa,1,2,55903,8677,3,64580,12
ciainsider,nasa,21,18,55903,8677,39,64580,21
michael_w_busch,nolatredd,649,152,30,6,801,36,104
_kristinaluvsu,space_station,29,6,8043,589,35,8632,21
slaweeeek,nasa,9,0,55903,8677,9,64580,3
fborgosano,spacedotcom,43,0,4724,125,43,4849,51
lisad_perry,nasa,6,0,55903,8677,6,64580,10
padrejb,space_station,1,2,8043,589,3,8632,1
avepcam,nasa,4,0,55903,8677,4,64580,1
dale_the_cooper,nasa,32,4,55903,8677,36,64580,15
pabloncej,nasa,0,2,55903,8677,2,64580,2
phdexplore,space_station,43,1,8043,589,44,8632,36
whatsadillon,nasa,7,0,55903,8677,7,64580,25
bart1nma1n,nasa,11,1,55903,8677,12,64580,16
mownstalks,nasa,5,3,55903,8677,8,64580,27
esa_caves,angelitakiz,329,12,157,5,341,162,14
astropixie,astronomyblog,416,43,163,20,459,183,121
catherineq,craftlass,686,98,34,7,784,41,191
hustlernature,nasa,13,1,55903,8677,14,64580,12
penexcalibur,nasa,9,5,55903,8677,14,64580,3
summer_ash,kimberlykowal,793,73,38,0,866,38,130
sheetaluniverse,nasa,4,0,55903,8677,4,64580,6
thestro,nasa,8,0,55903,8677,8,64580,13
tweakyourpc,nasa,9,3,55903,8677,12,64580,10
elakdawalla,3dmattias,683,89,23,1,772,24,87
douglasanders10,nasa,64,1,55903,8677,65,64580,129
smitmatalia,nasa,4,0,55903,8677,4,64580,1
stevekennah,nasa,22,0,55903,8677,22,64580,3
nasajpl,ageekmom,352,20,89,9,372,98,690
michaelladd99,neiltyson,14,5,10053,253,19,10306,4
summer_ash,shannonmstirone,793,73,71,13,866,84,192
startalkradio,davaexplorer,731,46,98,6,777,104,240
jorgeglz00,nasa,81,5,55903,8677,86,64580,15
hypercube,nasa,8,0,55903,8677,8,64580,4
alexbiebricher,esa,35,4,5155,135,39,5290,80
henrypile,nasa,22,0,55903,8677,22,64580,2
jannalevin,quadraticadder,185,30,9,3,215,12,7
gerlinderud,space_station,51,0,8043,589,51,8632,51
torybruno,nasa_wallops,1379,106,112,3,1485,115,334
b1zzle,nasasocial,47,0,2340,8,47,2348,102
astroathens,nasa,67,0,55903,8677,67,64580,160
tamaraalexis,nasa,31,2,55903,8677,33,64580,29
astro_jeanette,astro_clay,83,1,181,8,84,189,277
treebiology,nasa,17,0,55903,8677,17,64580,79
the_solarsystem,nasa_dawn,847,1,234,16,848,250,492
jhjones,caseydreier,449,49,43,1,498,44,85
astrokatie,profmike_m,775,102,115,18,877,133,93
fairchdchallnge,nasa,8,0,55903,8677,8,64580,15
niais,sondy,265,36,422,82,301,504,142
starzanplanets,boundangle,448,67,4,3,515,7,8
bikinatroll,nasa,19,7,55903,8677,26,64580,59
chrislintott,astroemz,660,103,45,1,763,46,289
planet4589,davidabatchelor,888,169,7,0,1057,7,82
telekhine03,nasa,1,2,55903,8677,3,64580,3
astronobeads,stationcdrkelly,19,0,5228,24,19,5252,32
gianelladel,astro_timpeake,39,3,3394,32,42,3426,54
esa_caves,thom_astro,329,12,221,14,341,235,202
criticalanalyst,nasa,0,2,55903,8677,2,64580,26
stecaloussis,nasa,54,99,55903,8677,153,64580,1
nasa,nasawebb,381,34,79,3,415,82,2319
mechtwintailed,nasa,4,13,55903,8677,17,64580,9
elakdawalla,upulie,683,89,129,17,772,146,284
chrislintott,eteq,660,103,56,6,763,62,47
twokewl420,nasa,5,3,55903,8677,8,64580,2
nickastronomer,sp_johnsullivan,1203,166,12,3,1369,15,44
astroduff,breakfastnews,803,112,175,41,915,216,33
markmccaughrean,esa,35,6,5155,135,41,5290,293
hodgedogs,nasa,8,1,55903,8677,9,64580,4
themarssociety,spacedotcom,51,0,4724,125,51,4849,495
mbrspaceport,nasa,76,0,55903,8677,76,64580,113
korsasap,esa,46,0,5155,135,46,5290,62
maryheston,nasa,2,2,55903,8677,4,64580,47
blkwooly,nasa,33,5,55903,8677,38,64580,26
alex_parker,nasa_dawn,1175,160,234,16,1335,250,511
dagirlnxdoor,nasa,8,0,55903,8677,8,64580,20
treeseatkites,nasa,33,4,55903,8677,37,64580,36
human_mars,spacex,38,0,9247,328,38,9575,234
nasahistory,nasa,72,0,55903,8677,72,64580,2036
nickdflint24,nasa,6,0,55903,8677,6,64580,1
doctor_astro,nasaglenn,338,31,105,8,369,113,140
the_solarsystem,myopenmind101,847,1,20,0,848,20,105
esascience,claudiascosmos,181,14,12,0,195,12,155
johnnywaygook,nasa,10,2,55903,8677,12,64580,4
surrocahenri,nasa,58,0,55903,8677,58,64580,136
cassinisaturn,nasa_dawn,211,9,234,16,220,250,1739
astrokatie,mjibrown,775,102,124,30,877,154,107
astronomolly,planetdr,718,99,783,153,817,936,171
yehiemet,nasa,9,1,55903,8677,10,64580,4
nasawatch,nasakennedy,74,9,3802,55,83,3857,770
mhs_science,space_station,33,1,8043,589,34,8632,20
thanhniendaimo,nasa,4,0,55903,8677,4,64580,1
oewf,nasa,59,1,55903,8677,60,64580,244
kevindavis338,spacex,26,0,9247,328,26,9575,71
catherineq,airspacemag,686,98,29,0,784,29,242
torybruno,nasawatch,1379,106,68,14,1485,82,287
mars_psych,spacex,80,2,9247,328,82,9575,248
rcamp004,nasa,26,0,55903,8677,26,64580,65
paigeshoe13,nasa,0,2,55903,8677,2,64580,1
astro_reid,astro_wheels,349,36,185,7,385,192,748
mwesterl,nasa,32,0,55903,8677,32,64580,17
nasagoddard,lro_nasa,466,18,76,5,484,81,776
spacejournalism,nasa,135,8,55903,8677,143,64580,292
astropixie,astrotweeps,416,43,186,23,459,209,207
planet4589,auersusan,888,169,15,4,1057,19,103
sharadsukhija,nasa,15,0,55903,8677,15,64580,12
jmf_dub,nasa,11,7,55903,8677,18,64580,7
astrodot,uniphispaceage,335,8,11,1,343,12,163
cathaiste,nasa,6,0,55903,8677,6,64580,2
roisinreddyy,nasa,0,2,55903,8677,2,64580,1
jorgego98249461,nasa_johnson,151,8,4945,42,159,4987,14
esa_caves,shuttlealmanac,329,12,57,6,341,63,139
badastronomer,arielwaldman,389,46,74,1,435,75,330
oilinki,nasa,20,1,55903,8677,21,64580,29
nasagoddard,nasawebb,466,18,79,3,484,82,1585
dradrickz,astro_mike,10,4,2034,24,14,2058,13
astro_alex,thom_astro,126,18,221,14,144,235,621
john_gardi,nasa,6,3,55903,8677,9,64580,73
f4glory,nasa,41,11,55903,8677,52,64580,19
backyard_astro,nasa,46,0,55903,8677,46,64580,26
amazingspace2,nasa,31,1,55903,8677,32,64580,53
lkrauss1,scifri,181,15,86,5,196,91,322
planet4589,brianweeden,888,169,11,1,1057,12,84
the_solarsystem,b0yle,847,1,86,2,848,88,287
comfort_y,nasa,11,0,55903,8677,11,64580,3
mirpanda123,nasa,9,7,55903,8677,16,64580,3
craftilykimbrly,nasa,33,0,55903,8677,33,64580,12
satispy,nasa,58,0,55903,8677,58,64580,360
pillownaut,nasa,24,4,55903,8677,28,64580,446
thusspeaksyhwh,astroannimal,194,100,519,8,294,527,0
jkheaton,nasasocial,65,2,2340,8,67,2348,195
soullessbutsexy,nasa,0,2,55903,8677,2,64580,0
sam037d,nasa,7,0,55903,8677,7,64580,1
the_solarsystem,asteroidenergy,847,1,35,2,848,37,360
nickastronomer,fakeastropix,1203,166,29,8,1369,37,86
swift5hgomez,nasa,0,2,55903,8677,2,64580,0
burgundylue,therealbuzz,9,0,3045,28,9,3073,3
jkheaton,space_station,65,2,8043,589,67,8632,184
chrislintott,gsnarayan,660,103,19,6,763,25,106
nourtra00456201,nasa,105,1,55903,8677,106,64580,236
astro_timpeake,thom_astro,294,33,221,14,327,235,736
renatomenchini,universetoday,79,0,1844,16,79,1860,21
ladonnarae53,nasa,4,5,55903,8677,9,64580,13
badastronomer,hubbahubble,389,46,180,19,435,199,142
chzaib8,nasa,53,0,55903,8677,53,64580,75
nasablueshift,nasakepler,184,1,309,24,185,333,651
visu25,nasa,39,1,55903,8677,40,64580,73
stratohornet,nasa,25,0,55903,8677,25,64580,42
fuqeroni,nasa,0,2,55903,8677,2,64580,0
kubeee21,nasa,2,2,55903,8677,4,64580,1
omcintyre,nasa,81,0,55903,8677,81,64580,289
davidwhogg,eteq,571,104,56,6,675,62,59
torybruno,spaceflightins,1379,106,31,1,1485,32,361
nasakennedy,nasa_sls,345,13,213,16,358,229,1109
summer_ash,laminda,793,73,10,0,866,10,110
drfunkyspoon,ldmay,628,95,15,3,723,18,62
paramvir_kaler,nasa,27,0,55903,8677,27,64580,12
jcstuezday,nasa,622,171,55903,8677,793,64580,1
wrash,nasa,12,0,55903,8677,12,64580,10
nasa,whitehouseostp,381,34,60,2,415,62,1485
miss_jane01,nasa,25,0,55903,8677,25,64580,6
nasa_marshall,space_station,71,1,8043,589,72,8632,1178
torybruno,dtarsgeorge,1379,106,5,0,1485,5,103
cluckeryduckery,drfunkyspoon,15,0,523,11,15,534,9
stargazerfred,aaoastro,295,51,116,9,346,125,95
columbiamag,nasa,9,0,55903,8677,9,64580,18
darllinghari,nasa,4,0,55903,8677,4,64580,2
just_futile,nasa,28,0,55903,8677,28,64580,26
darnell,spacex,29,2,9247,328,31,9575,47
crosscampusla,nasa,8,0,55903,8677,8,64580,43
nasasunearth,nasa,68,0,55903,8677,68,64580,1069
poniosun,nasa,8,0,55903,8677,8,64580,14
michael_w_busch,brianwolven,649,152,295,52,801,347,70
0x6a6368h,nasa,25,0,55903,8677,25,64580,15
telescoper,e_astronomer,62,10,64,9,72,73,67
planet4589,upulie,888,169,129,17,1057,146,174
tate_jesus_chri,iss_research,93,27,4199,61,120,4260,0
flndr6,startalkradio,71,16,1136,8,87,1144,25
summer_ash,vafarmboy,793,73,6,1,866,7,20
dssoc,nasa,65,0,55903,8677,65,64580,78
nellybenhayoun,nasa,15,0,55903,8677,15,64580,84
g_mcneill_wldc,esa_rosetta,4,4,4545,304,8,4849,4
c_gathier,esa,7,0,5155,135,7,5290,5
caliadomenico,nasa,76,1,55903,8677,77,64580,245
jtq33,nasa,15,0,55903,8677,15,64580,11
dmt4koopa,nasa,5,0,55903,8677,5,64580,10
catherineq,johnrsports,686,98,53,4,784,57,124
dskisoccer17,nasa,0,2,55903,8677,2,64580,1
spacetimelabs,nasa,31,0,55903,8677,31,64580,54
texasspacegrant,nasajpl,50,4,4957,65,54,5022,104
csa_asc,tomatosphere,358,9,17,0,367,17,29
stevesgoddard,nasa,14,29,55903,8677,43,64580,96
btoes17,nasa,5,0,55903,8677,5,64580,8
7999720431,nasa,327,81,55903,8677,408,64580,4
blkwooly,nasa_johnson,33,5,4945,42,38,4987,20
arkady2009,nasa,2,2,55903,8677,4,64580,4
torybruno,omcintyre,1379,106,31,6,1485,37,128
drfunkyspoon,planetdr,628,95,783,153,723,936,297
govexecevents,nasa,6,0,55903,8677,6,64580,37
chrislintott,nasakepler,660,103,309,24,763,333,354
cassinisaturn,nasakepler,211,9,309,24,220,333,1932
spacedotcom,seanonolennon,260,1,41,4,261,45,121
spacecoral,esa,66,0,5155,135,66,5290,115
exploreplanets,robertpicardo,291,11,29,1,302,30,174
mbsevans,nasa,4,8,55903,8677,12,64580,60
alex_parker,lukedones,1175,160,246,45,1335,291,143
zoydal,esa,34,0,5155,135,34,5290,30
scapesrus,nasa,17,1,55903,8677,18,64580,30
jmuplanetarium,nasa,117,1,55903,8677,118,64580,227
drfunkyspoon,hirise,628,95,131,10,723,141,226
setiinstitute,nasakepler,275,12,309,24,287,333,1491
vrooje,realscientists,394,81,99,16,475,115,101
godkrisht,nasa,11,1,55903,8677,12,64580,9
planet4589,_garywhite_,888,169,5,3,1057,8,20
drfunkyspoon,sondy,628,95,422,82,723,504,191
davidwhogg,startswithabang,571,104,88,31,675,119,111
astrokatie,poloniumman,775,102,1,2,877,3,17
jeffreymartens,spacedotcom,28,0,4724,125,28,4849,38
astroduff,drspacejunk,803,112,49,9,915,58,133
esaoperations,thales_alenia_s,425,27,8,0,452,8,153
chrisdmarshall,astrobiology,125,1,447,1,126,448,92
anthonydavis25,spacex,5,0,9247,328,5,9575,9
cairmaid,nasa,15,1,55903,8677,16,64580,11
luminessing,spacedotcom,36,4,4724,125,40,4849,51
nasa_orion,nasa_go4launch,280,5,47,2,285,49,262
esa_tech,astro_andre,29,1,605,3,30,608,141
agenceechotone,nasa,29,0,55903,8677,29,64580,34
climatereality,nasa,22,0,55903,8677,22,64580,810
chrislintott,mggttaylor,660,103,158,13,763,171,304
killingpolly,nasa,32,1,55903,8677,33,64580,52
nickastronomer,esa_history,1203,166,35,1,1369,36,319
joseflor238,nasa,14,1,55903,8677,15,64580,20
cahulaan,spacedotcom,4,0,4724,125,4,4849,4
just_matt_,nasa,23,0,55903,8677,23,64580,7
nasa_johnson,nasa_sls,200,7,213,16,207,229,1050
mellied5678,space_station,14,0,8043,589,14,8632,7
80jovan,nasa,0,5,55903,8677,5,64580,52
csa_asc,jamesgis,358,9,4,0,367,4,18
drfunkyspoon,kejames,628,95,136,28,723,164,138
igorguilarte,nasa,7,0,55903,8677,7,64580,10
gvbujade,space_station,129,16,8043,589,145,8632,41
noisyastronomer,paleophile,396,62,42,7,458,49,45
morganavickery,nasa,0,4,55903,8677,4,64580,0
allisonkkelly,nasa,77,1,55903,8677,78,64580,228
royaiberry,nasa,2,2,55903,8677,4,64580,0
liberascienza,nasa,55,0,55903,8677,55,64580,40
menino_gled,nasa,4,0,55903,8677,4,64580,0
pemcoworldair,nasa,4,0,55903,8677,4,64580,19
newsfromspace,cassinisaturn,143,0,3863,85,143,3948,459
benjiffy,nasa,5,4,55903,8677,9,64580,21
nasa_orion,jpmajor,280,5,165,18,285,183,598
betteboop57,nasa,0,2,55903,8677,2,64580,0
karelklapstoel,esa,23,3,5155,135,26,5290,9
astrokatie,eastbaybruce,775,102,0,2,877,2,0
sarahkendrew,jegpeek,504,85,251,42,589,293,65
astro_alex,ian_benecken,126,18,46,5,144,51,182
johnkr78,nasa,27,0,55903,8677,27,64580,5
genius23sarcasm,nasa,62,8,55903,8677,70,64580,79
davidfrerichs,spacex,8,0,9247,328,8,9575,6
vkraomovva,nasa,5,0,55903,8677,5,64580,38
cosmic_carol,nasa,96,1,55903,8677,97,64580,332
genejm29,nasa_orion,192,2,2923,59,194,2982,535
henryb1984,nasa,10,0,55903,8677,10,64580,5
chrislintott,daverothery,660,103,11,1,763,12,69
nasa_astronauts,astrorobonaut,62,4,71,2,66,73,616
willgater,sungrazercomets,499,18,76,10,517,86,185
summer_ash,astroontapnyc,793,73,7,0,866,7,14
norrrr_,nasa,0,4,55903,8677,4,64580,1
karenlmasters,robertcnichol,383,31,33,3,414,36,45
torybruno,kspaceacademy,1379,106,17,2,1485,19,96
cynthiaeve2,nasa,6,0,55903,8677,6,64580,3
erikfial1,nasa,0,3,55903,8677,3,64580,1
nasa_technology,nasaames,244,7,111,5,251,116,1135
oneoveralpha,nasa,31,0,55903,8677,31,64580,120
vrooje,mggttaylor,394,81,158,13,475,171,87
davidwhogg,jbocha,571,104,21,5,675,26,29
the_solarsystem,carolynporco,847,1,150,10,848,160,232
adindaach16,nasa,5,0,55903,8677,5,64580,1
rocketfn,spacex,63,1,9247,328,64,9575,143
scibry,cosmos4u,267,10,186,34,277,220,158
kennethmjohnson,nasa,35,0,55903,8677,35,64580,55
sarahkendrew,mggttaylor,504,85,158,13,589,171,142
esaoperations,esa_eac,425,27,199,12,452,211,364
nmpanek,dailyplanetshow,239,9,18,0,248,18,34
drfunkyspoon,annaleen,628,95,15,2,723,17,81
elcjoe,spacedotcom,19,0,4724,125,19,4849,29
nickastronomer,davidgalvin9,1203,166,31,6,1369,37,27
wiseowl21uk,space_station,7,7,8043,589,14,8632,4
calmuggo,nasa_orion,109,65,2923,59,174,2982,8
martian_garden,nasa,72,2,55903,8677,74,64580,196
niceguy504,nasa,3,2,55903,8677,5,64580,8
gerlach_brian,nasa,0,2,55903,8677,2,64580,0
kitson,nasakennedy,13,2,3802,55,15,3857,23
astro_timpeake,shuttlealmanac,294,33,57,6,327,63,388
astropixie,jegpeek,416,43,251,42,459,293,66
marsrovers,mars_stu,61,6,65,8,67,73,223
nasa_orion,airbusds,280,5,103,5,285,108,290
politicsscot,nasa,1,2,55903,8677,3,64580,11
ms_rinna5,nasa,25,3,55903,8677,28,64580,11
alex_parker,ascendingnode,1175,160,152,22,1335,174,188
dittmarml,space_station,85,1,8043,589,86,8632,268
astrosamantha,shahselbe,181,6,31,1,187,32,86
chrislintott,megschwamb,660,103,121,9,763,130,184
krasovskii77,space_station,32,9,8043,589,41,8632,6
romansgirl2073,nasa,32,0,55903,8677,32,64580,39
spacenews_inc,orbitalatk,281,19,296,35,300,331,642
astrokatie,kejames,775,102,136,28,877,164,297
davidwhogg,wikipedia,571,104,18,1,675,19,14
thesoftwhiz,spacex,14,0,9247,328,14,9575,15
rainmaker1973,newhorizons2015,132,10,2276,5,142,2281,357
doctorbrijpatel,nasa,5,2,55903,8677,7,64580,10
planet4589,bis_spaceflight,888,169,43,1,1057,44,197
planet4589,russianspaceweb,888,169,28,7,1057,35,243
astronomolly,kevinschawinski,718,99,182,43,817,225,101
evolutionology,nasa,19,1,55903,8677,20,64580,15
commandrnickel,csa_asc,71,0,1582,13,71,1595,148
csa_asc,spaceguy87,358,9,36,0,367,36,340
chrislintott,nolatredd,660,103,30,6,763,36,177
astro_tj,astro_clay,130,6,181,8,136,189,388
nasasocial,nasasunearth,589,5,125,11,594,136,665
mannyy1991,nasa,27,0,55903,8677,27,64580,9
wilouwitz,nasa,10,0,55903,8677,10,64580,4
astrokatie,mirikramer,775,102,105,11,877,116,311
solm,nasa,11,1,55903,8677,12,64580,10
themrsterling,nasa,8,0,55903,8677,8,64580,8
texasspacegrant,nasa,50,4,55903,8677,54,64580,121
coreyspowell,rainmaker1973,429,83,108,9,512,117,240
john67403582,nasa,11,0,55903,8677,11,64580,3
monicafotedar,nasa,20,0,55903,8677,20,64580,23
nasahqphoto,airandspace,132,6,105,6,138,111,787
globeprogram,nasa,22,0,55903,8677,22,64580,141
badastronomer,startorialist,389,46,201,16,435,217,176
jolandagreve,nasa,6,6,55903,8677,12,64580,0
nmpanek,rachelfeltman,239,9,57,8,248,65,65
riot_dr,iss_research,39,5,4199,61,44,4260,17
dr_lucie,markmccaughrean,619,24,236,44,643,280,115
nasakennedy,apod,345,13,161,6,358,167,1283
astro_aggie,spasmunkey,164,14,92,2,178,94,260
doctor_astro,steltzner,338,31,30,0,369,30,117
lisaharveysmith,hula_clay,470,27,9,1,497,10,59
brownie7612,nasa,4,0,55903,8677,4,64580,3
chrislintott,aallan,660,103,27,8,763,35,82
worldofscitech,space_station,102,1,8043,589,103,8632,155
josezamarronm,nasa,23,0,55903,8677,23,64580,2
punkybuddy,space_station,5,4,8043,589,9,8632,3
simplesed,nasa,0,2,55903,8677,2,64580,0
nasa_technology,whitehouseostp,244,7,60,2,251,62,691
chrislintott,markmccaughrean,660,103,236,44,763,280,159
avgvstvsviking,nasa,19,14,55903,8677,33,64580,3
niais,goastromo,265,36,15,1,301,16,25
emilylurice,hubbahubble,418,43,180,19,461,199,107
issaboveyou,nasa_johnson,2372,2,4945,42,2374,4987,106
cosmic_horizons,trampolinrocket,523,148,18,4,671,22,52
sannsibble,stationcdrkelly,91,0,5228,24,91,5252,132
karenlmasters,astrotweeps,383,31,186,23,414,209,200
rbakergsu,nasa,23,0,55903,8677,23,64580,6
celiiiiiiina,nasa,0,2,55903,8677,2,64580,0
starzanplanets,gwmck,448,67,19,2,515,21,104
torybruno,astro_zach,1379,106,94,2,1485,96,257
dcharvie,nasa,8,0,55903,8677,8,64580,4
planet4589,drstuclark,888,169,44,0,1057,44,198
elkesfuckbucket,nasa,7,2,55903,8677,9,64580,6
planet4589,orbital_decay,888,169,8,0,1057,8,38
eggheadjason,esa,13,0,5155,135,13,5290,40
astro_clay,nasa,60,4,55903,8677,64,64580,724
niais,geosociety,265,36,5,2,301,7,26
blaiseceegee,nasa,0,2,55903,8677,2,64580,3
cheetah62,nasa,20,0,55903,8677,20,64580,26
chrislintott,e_astronomer,660,103,64,9,763,73,94
planet4589,markmccaughrean,888,169,236,44,1057,280,156
m_mcsquare,space_station,58,3,8043,589,61,8632,58
cntroversyincda,nasa,71,7,55903,8677,78,64580,22
astrodot,space_lectures,335,8,80,2,343,82,304
elitepioneer,nasa,4,0,55903,8677,4,64580,1
bhushaninnyc,nasa,6,2,55903,8677,8,64580,2
universetoday,fcain,1492,21,112,3,1513,115,718
catherineq,iangriffin,686,98,13,1,784,14,89
juandsion,nasa,50,1,55903,8677,51,64580,134
white_asylum,nasa,13,0,55903,8677,13,64580,4
mor_barnoy,nasa,15,1,55903,8677,16,64580,12
memelord420lmao,nasa,48,0,55903,8677,48,64580,66
bliss4x72,nasa,43,0,55903,8677,43,64580,49
drfunkyspoon,docdailey,628,95,13,2,723,15,41
sassyshark2,nasa,65,11,55903,8677,76,64580,63
marscuriosity,rockermom53,199,15,4,2,214,6,23
aqua_ogriofa,nasa,21,0,55903,8677,21,64580,93
torybruno,collinkrum,1379,106,3,2,1485,5,135
imchickyvicky,nasa,8,1,55903,8677,9,64580,1
volcanojeannie,nasa,24,0,55903,8677,24,64580,34
gothicbeau,nasa,23,0,55903,8677,23,64580,19
holygoat_420,nasa,18,2,55903,8677,20,64580,5
flatearthjason,nasa,0,4,55903,8677,4,64580,30
imdeplorable,nasa,9,1,55903,8677,10,64580,2
jamestownwx,nasa,31,0,55903,8677,31,64580,61
jfmezei,nasa,4,1,55903,8677,5,64580,2
sanzelowitz,spacex,81,3,9247,328,84,9575,119
michmerc,space_station,42,0,8043,589,42,8632,89
scibry,kejames,267,10,136,28,277,164,109
nasaboyee,nasa_johnson,68,0,4945,42,68,4987,62
heriabusufyan92,nasa,6,0,55903,8677,6,64580,1
arthbarros,nasa,23,0,55903,8677,23,64580,2
setiinstitute,alisonblowndes,275,12,10,0,287,10,74
astronomolly,astraughnomer,718,99,56,1,817,57,151
blkwooly,nasakennedy,33,5,3802,55,38,3857,20
elakdawalla,rachelfeltman,683,89,57,8,772,65,268
sarahkendrew,astro_adept,504,85,39,4,589,43,48
dalcantonjd,ltelkins,677,164,28,3,841,31,39
tcds31,nasa,19,1,55903,8677,20,64580,8
comspacenews,spacedotcom,92,0,4724,125,92,4849,363
chrislintott,geerthub,660,103,134,14,763,148,166
asrivkin,shaka_lulu,695,130,133,22,825,155,93
markyalita,spacedotcom,14,0,4724,125,14,4849,18
secureitbr,nasa,22,0,55903,8677,22,64580,10
kenjones11122,nasa,6,0,55903,8677,6,64580,1
astrodot,spacechelle,335,8,69,6,343,75,244
akramelnimer1,nasa,14,0,55903,8677,14,64580,21
planet4589,timmermansr,888,169,49,5,1057,54,381
onegabrielmusic,nasa,17,5,55903,8677,22,64580,6
spacenews_inc,airbusds,281,19,103,5,300,108,209
coltinayres,nasa,10,3,55903,8677,13,64580,1
dalcantonjd,benneholwerda,677,164,162,20,841,182,131
cassinisaturn,nasahistory,211,9,103,5,220,108,1311
stevenperkins_,nasa,27,0,55903,8677,27,64580,11
sunshyngurl,space_station,84,12,8043,589,96,8632,23
startalkradio,sethrchapin,731,46,4,0,777,4,53
astrodot,spacecampusa,335,8,40,2,343,42,259
astroduff,nasa_dawn,803,112,234,16,915,250,228
candacehunter19,nasa,9,0,55903,8677,9,64580,2
donnarapha,spacedotcom,26,0,4724,125,26,4849,12
akhil_am_,nasa,9,0,55903,8677,9,64580,8
nasajpl,nasasealevel,352,20,19,5,372,24,161
esa_caves,esa_eac,329,12,199,12,341,211,170
astroduff,fireballssky,803,112,14,0,915,14,193
cosmic_horizons,lukebarnesastro,523,148,22,1,671,23,53
astro_tj,spasmunkey,130,6,92,2,136,94,220
heissky,nasa,6,0,55903,8677,6,64580,21
jedijw,esa_rosetta,68,0,4545,304,68,4849,97
craftofmojang,nasa,5,0,55903,8677,5,64580,0
randomspacefact,amymainzer,189,8,60,2,197,62,182
nmetinyurt,nasa,82,7,55903,8677,89,64580,13
officialtrento,nasa,23,0,55903,8677,23,64580,17
americorps,astro_kate7,19,0,983,19,19,1002,17
therealkaivik,nasajpl,29,8,4957,65,37,5022,14
ronbaalke,cassinisaturn,79,0,3863,85,79,3948,402
pluto_stb,nasa,26,0,55903,8677,26,64580,5
torybruno,rappolee,1379,106,41,10,1485,51,54
hkhezzoum,space_station,5,3,8043,589,8,8632,6
grb090423,esa,89,1,5155,135,90,5290,263
badastronomer,thespacegal,389,46,24,2,435,26,410
randomspacefact,honeybee_ltd,189,8,14,1,197,15,52
starwars86,nasa,8,3,55903,8677,11,64580,0
saifurrahmanmah,nasa,30,0,55903,8677,30,64580,91
alex_parker,jpmajor,1175,160,165,18,1335,183,411
bouroubeyreda,nasa,19,0,55903,8677,19,64580,3
theonewhoknocks,nasa,0,2,55903,8677,2,64580,1
kxnpunk,esa,34,2,5155,135,36,5290,21
astronomolly,peterdedmonds,718,99,115,14,817,129,134
msnapper,shuttlecdrkelly,11,0,1648,10,11,1658,9
rastajay57,nasa,6,0,55903,8677,6,64580,5
lupa1068,nasa,0,12,55903,8677,12,64580,0
astroduff,benneholwerda,803,112,162,20,915,182,141
alvinaalmodovar,nasa,4,0,55903,8677,4,64580,0
nickastronomer,takethatnasa,1203,166,4,1,1369,5,27
noisyastronomer,kejames,396,62,136,28,458,164,160
mattthompsonwho,badastronomer,5,4,2710,31,9,2741,8
maannostashines,nasa,9,2,55903,8677,11,64580,16
sarahkendrew,astrotweeps,504,85,186,23,589,209,170
michael_w_busch,planettreky,649,152,65,4,801,69,74
nasasocial,johnrsports,589,5,53,4,594,57,144
deepspaceeco,nasa,47,0,55903,8677,47,64580,129
jeffwhipple,cmdr_hadfield,6,0,3932,49,6,3981,6
ska_telescope,jr_pritchard,117,5,48,7,122,55,58
sanzelowitz,nasa,81,3,55903,8677,84,64580,141
asrivkin,theearthstory,695,130,39,8,825,47,72
nasakennedy,orbitalatk,345,13,296,35,358,331,1128
davidwhogg,jbprime,571,104,55,16,675,71,68
784578ggbatski,badastronomer,8,7,2710,31,15,2741,2
chadoakhill,nasa,7,4,55903,8677,11,64580,47
sivasankarm6,nasa,5,0,55903,8677,5,64580,0
astroduff,cosmos4u,803,112,186,34,915,220,191
acecentric,spacedotcom,27,0,4724,125,27,4849,67
astronomolly,realscientists,718,99,99,16,817,115,122
alex_parker,verbiscer,1175,160,44,6,1335,50,73
astroduff,aunateridu,803,112,28,5,915,33,50
alex_parker,cathomas09,1175,160,43,8,1335,51,53
renatomenchini,nasa,79,0,55903,8677,79,64580,30
currentnews_en,nasa,7,2,55903,8677,9,64580,8
nickastronomer,blackprojects,1203,166,40,1,1369,41,146
nmpanek,tweetsoutloud,239,9,155,13,248,168,125
athezealot,nasa,12,1,55903,8677,13,64580,32
anon2earth,nasa,0,2,55903,8677,2,64580,41
drphilmarshall,tomkerss,248,36,19,0,284,19,28
alex_parker,djsnm,1175,160,20,3,1335,23,103
emirtheg33k,nasa,59,0,55903,8677,59,64580,63
willgater,skyatnightmag,499,18,44,1,517,45,159
planet4589,pillownaut,888,169,83,10,1057,93,184
jrichardgott,sciencechannel,71,6,49,1,77,50,72
davidjlockett,nasa,75,1,55903,8677,76,64580,342
jorgego98249461,nasa,151,8,55903,8677,159,64580,19
intergalacdick,nasa,0,2,55903,8677,2,64580,1
fuqwad69,nasa,14,0,55903,8677,14,64580,13
elakdawalla,sandygrains,683,89,27,3,772,30,152
catherineq,merrdiff,686,98,120,20,784,140,123
nasagiss,nasa,44,2,55903,8677,46,64580,351
cosmic_horizons,popsci,523,148,80,5,671,85,39
catherineq,rdcrisp,686,98,13,8,784,21,25
astro_reid,carbon_flight,349,36,89,5,385,94,273
charliepoet,nasa,4,2,55903,8677,6,64580,69
davidspergel,drmrfrancis,75,18,258,52,93,310,96
sandinosmar,nasa,18,0,55903,8677,18,64580,9
ie_stuart,nasa,4,0,55903,8677,4,64580,20
starzanplanets,jacobrichardson,448,67,4,0,515,4,9
62jerseygirl,nasa,13,2,55903,8677,15,64580,7
setiinstitute,fcain,275,12,112,3,287,115,693
esa,twittermoments,597,15,8,0,612,8,94
drfunkyspoon,slabouchardiere,628,95,1,2,723,3,19
nickastronomer,cosmic_carol,1203,166,76,16,1369,92,220
sarahkendrew,knudjahnke,504,85,27,5,589,32,19
suercron,nasa,22,0,55903,8677,22,64580,16
nhfnigeria,nasa,3,3,55903,8677,6,64580,0
the_solarsystem,bbcstargazing,847,1,218,12,848,230,218
fitrocketsci,nasa,21,0,55903,8677,21,64580,20
bgreene,worldscifest,16,1,57,2,17,59,180
exploreplanets,tweetsoutloud,291,11,155,13,302,168,564
blobrana,nasa,15,2,55903,8677,17,64580,96
planet4589,hubbahubble,888,169,180,19,1057,199,113
cosmic_horizons,brendonbrewer,523,148,248,53,671,301,19
f4glory,esa,41,11,5155,135,52,5290,17
stealthbeth,nasa,48,0,55903,8677,48,64580,59
ericwfmj,nasa,32,0,55903,8677,32,64580,37
drfunkyspoon,brianwolven,628,95,295,52,723,347,111
astroduff,strom_m,803,112,31,17,915,48,44
timothy_barnes,nasa,0,2,55903,8677,2,64580,19
centristnet,nasa,8,2,55903,8677,10,64580,13
mark_hfx,nasa,34,0,55903,8677,34,64580,48
stefansmalls,nasa,6,6,55903,8677,12,64580,1
uslawreview,nasa,8,1,55903,8677,9,64580,41
hyperbola1,nasa,20,2,55903,8677,22,64580,11
thalight,nasa,6,2,55903,8677,8,64580,5
nasajpl,ellenstofan,352,20,71,6,372,77,368
olrockcandymtns,nasa,8,0,55903,8677,8,64580,9
egiarina100,astro_andre,25,0,605,3,25,608,10
chrislintott,cosmos4u,660,103,186,34,763,220,265
dr_lucie,jonny_nichols,619,24,9,1,643,10,41
saltwaterfix,nasa,1,2,55903,8677,3,64580,5
nickastronomer,starstryder,1203,166,108,19,1369,127,302
cosmic_carol,esa_exomars,96,1,1231,6,97,1237,165
davidspergel,profmike_m,75,18,115,18,93,133,50
torybruno,dslsynth,1379,106,95,6,1485,101,15
grapheneretail,nasa,26,1,55903,8677,27,64580,126
the__revolut1on,nasa,14,0,55903,8677,14,64580,12
christhrone,esa_rosetta,6,2,4545,304,8,4849,11
woo_debunker,nasasocial,44,0,2340,8,44,2348,134
domerhomer1,nasa,14,1,55903,8677,15,64580,3
doctor_astro,usc,338,31,18,2,369,20,7
itis4tom,nasa,23,2,55903,8677,25,64580,5
chrislintott,astronomyblog,660,103,163,20,763,183,160
90scupcakeh0ran,nasa,0,2,55903,8677,2,64580,1
startalkradio,fanciflautist,731,46,11,0,777,11,98
phdexplore,nasa,43,1,55903,8677,44,64580,44
gomez4224,nasa,6,0,55903,8677,6,64580,3
davejustgotlaid,nasa,2,2,55903,8677,4,64580,3
astro_timpeake,bis_spaceflight,294,33,43,1,327,44,410
lupa1067,nasa,0,12,55903,8677,12,64580,0
jcstuezday,neiltyson,622,171,10053,253,793,10306,1
jhjones,sondy,449,49,422,82,498,504,85
chrislintott,standupmaths,660,103,65,4,763,69,92
angelpuppyd,space_station,41,0,8043,589,41,8632,48
innerlightmusic,nasa,31,0,55903,8677,31,64580,20
marcus_odums,nasa,9,0,55903,8677,9,64580,35
neutronstartop,nasa,24,0,55903,8677,24,64580,44
movethrough,therealbuzz,17,0,3045,28,17,3073,11
american4better,nasa,13,0,55903,8677,13,64580,5
rockermom53,nasa,15,1,55903,8677,16,64580,49
vrooje,kejames,394,81,136,28,475,164,76
astro_mike,nowthisnews,344,15,9,2,359,11,46
melisicp,nasa,75,0,55903,8677,75,64580,232
1_gflame,nasa,92,3,55903,8677,95,64580,14
astro_luca,thom_astro,326,12,221,14,338,235,582
mailnagy,nasa,5,0,55903,8677,5,64580,2
planet4589,cosmic_carol,888,169,76,16,1057,92,184
cathyceekay,nasa,6,0,55903,8677,6,64580,2
planet4589,mirikramer,888,169,105,11,1057,116,240
nasa_technology,nasaglenn,244,7,105,8,251,113,954
karenlmasters,jen_gupta,383,31,120,9,414,129,145
davidwhogg,kevinschawinski,571,104,182,43,675,225,102
sisigwithrice,nasa,11,0,55903,8677,11,64580,8
alrelhonyc,spacedotcom,29,0,4724,125,29,4849,34
exploreplanets,caseydreier,291,11,43,1,302,44,320
theuniverse_tm,maximaxoo,159,3,55,1,162,56,219
andypalooza,nasa,12,2,55903,8677,14,64580,26
astro_mike,gma,344,15,14,0,359,14,156
lisaharveysmith,perthobs,470,27,23,1,497,24,107
noisyastronomer,drmrfrancis,396,62,258,52,458,310,227
michael_4444,neiltyson,5,0,10053,253,5,10306,0
monicasflores,nasa,9,0,55903,8677,9,64580,7
davidwhogg,elsisrad,571,104,22,0,675,22,24
starzanplanets,paleophile,448,67,42,7,515,49,27
dcscomp1,nasa,6,0,55903,8677,6,64580,2
asrivkin,otherorbscience,695,130,56,12,825,68,94
lisaharveysmith,blackphysicists,470,27,54,9,497,63,153
dustyjuhl,nasa,48,0,55903,8677,48,64580,84
rockypsr,nasa,9,0,55903,8677,9,64580,27
baswellchipulu,nasa,10,0,55903,8677,10,64580,11
carloshctorlva1,nasa,8,0,55903,8677,8,64580,18
nasagoddard,astraughnomer,466,18,56,1,484,57,383
anarchistnuts,nasa,22,0,55903,8677,22,64580,5
quinsareth,nasa,0,2,55903,8677,2,64580,0
katechadwick5,nasa,0,2,55903,8677,2,64580,0
call_him_bob,drfunkyspoon,17,1,523,11,18,534,15
mrjohelpadilla,nasa,24,0,55903,8677,24,64580,30
lburchard,therealbuzz,4,4,3045,28,8,3073,4
chris0u24,nasa,9,0,55903,8677,9,64580,7
eaglestainless,spacedotcom,11,1,4724,125,12,4849,9
jaylins68342560,nasa,24,0,55903,8677,24,64580,21
planet4589,shuttlealmanac,888,169,57,6,1057,63,189
freebyrd55,nasa,1,2,55903,8677,3,64580,5
ameliatyler,nasa,0,2,55903,8677,2,64580,4
astrodot,vr_doug,335,8,47,1,343,48,212
astro_cady,spasmunkey,318,9,92,2,327,94,357
nasagoddard,nasasunearth,466,18,125,11,484,136,787
obyonetaopy,nasa,7,0,55903,8677,7,64580,13
torybruno,blkwooly,1379,106,9,2,1485,11,14
kejames,esa,72,4,5155,135,76,5290,271
tomar84,nasa,11,0,55903,8677,11,64580,9
zerstaubung,nasa,78,10,55903,8677,88,64580,99
astro_timpeake,spacekate,294,33,47,1,327,48,413
rikyunreal,nasa,32,0,55903,8677,32,64580,63
emspeck,nasa,36,1,55903,8677,37,64580,124
astroduff,esa_edm,803,112,299,24,915,323,96
iss_casis,iss_research,96,0,4199,61,96,4260,1153
liquidskydesign,nasa,24,0,55903,8677,24,64580,20
natjones1027,nasa,0,2,55903,8677,2,64580,3
dalcantonjd,drmrfrancis,677,164,258,52,841,310,142
drfunkyspoon,verbiscer,628,95,44,6,723,50,66
vrooje,astrobellatrix,394,81,26,5,475,31,35
saulespi,nasa,23,0,55903,8677,23,64580,12
astro_luca,astronautabby,326,12,65,1,338,66,503
erock9969,nasa,12,0,55903,8677,12,64580,6
aideeai,nasa,49,2,55903,8677,51,64580,142
cinnamonbyte,nasa,14,7,55903,8677,21,64580,7
nasahqphoto,whitehouseostp,132,6,60,2,138,62,624
taylornoels,space_station,1,4,8043,589,5,8632,1
the_solarsystem,drphiltill,847,1,65,5,848,70,407
regardsurterre,nasa,50,0,55903,8677,50,64580,125
astroduff,science_academy,803,112,48,4,915,52,113
lbnlcs,nasa,23,0,55903,8677,23,64580,107
sarniamakchris,nasa,46,1,55903,8677,47,64580,99
astro_reid,esa_eac,349,36,199,12,385,211,269
spacegovuk,bis_spaceflight,324,13,43,1,337,44,407
nevie_john,nasa,83,0,55903,8677,83,64580,223
nikkimillzz,nasa,5,0,55903,8677,5,64580,3
sijoroma,nasa,47,0,55903,8677,47,64580,95
exploreplanets,kevinmgill,291,11,19,3,302,22,271
sunshyngurl,esa_rosetta,84,12,4545,304,96,4849,17
starzanplanets,peterdedmonds,448,67,115,14,515,129,135
albertfeynman,marscuriosity,65,9,7139,52,74,7191,58
spacebrendan,spacex,49,3,9247,328,52,9575,155
browneagle44,nasa,27,0,55903,8677,27,64580,23
astroduff,aaoastro,803,112,116,9,915,125,128
nasagoddard,worldscifest,466,18,57,2,484,59,314
roysimangunsong,nasa,12,0,55903,8677,12,64580,27
juliopw,nasa,19,0,55903,8677,19,64580,7
ihateurgod,space_station,10,9,8043,589,19,8632,6
doomsdaylibrary,spacedotcom,42,0,4724,125,42,4849,89
niais,johndebes,265,36,66,18,301,84,74
adrianastuijt,nasa,10,0,55903,8677,10,64580,24
michael_w_busch,ltelkins,649,152,28,3,801,31,43
joseurbinatv,nasa,5,0,55903,8677,5,64580,6
meateatermike,nasa,0,3,55903,8677,3,64580,5
elakdawalla,longhairnasaguy,683,89,13,0,772,13,145
elakdawalla,esa_edm,683,89,299,24,772,323,448
jaybirdone,csa_asc,66,8,1582,13,74,1595,42
bradcooney1,nasa,20,0,55903,8677,20,64580,34
karelklapstoel,nasa,23,3,55903,8677,26,64580,9
astroduff,scienceupulie,803,112,17,1,915,18,54
asrivkin,shamrocketeer,695,130,20,2,825,22,67
coreyspowell,wiguy45,429,83,0,2,512,2,8
sayyed_numan,nasa,15,0,55903,8677,15,64580,9
baby_dreeegon,nasa,10,0,55903,8677,10,64580,7
lamboholic1,space_station,58,5,8043,589,63,8632,25
tarheelblue4me,nasa,13,0,55903,8677,13,64580,11
portland_ghosts,nasa,199,116,55903,8677,315,64580,25
kmccoy,nasa,51,0,55903,8677,51,64580,136
coldfuser,nasa,22,0,55903,8677,22,64580,2
willgater,sciencefocus,499,18,13,0,517,13,75
mattsmokingjb,nasa,5,0,55903,8677,5,64580,1
arielleq4,nasa,7,0,55903,8677,7,64580,25
servirglobal,nasa,9,1,55903,8677,10,64580,24
rtime_traveller,nasa,68,22,55903,8677,90,64580,9
karenlmasters,royalastrosoc,383,31,82,6,414,88,148
sire_ravioli,nasa,7,1,55903,8677,8,64580,1
cosmicpinot,kirkdborne,257,53,21,1,310,22,46
dhodge72,nasa,7,0,55903,8677,7,64580,7
robrekemeyer,nasa,34,0,55903,8677,34,64580,33
collinkrum,nasa,58,0,55903,8677,58,64580,286
arktist,spacex,44,0,9247,328,44,9575,98
vrooje,startorialist,394,81,201,16,475,217,74
albertalbs,spacedotcom,21,0,4724,125,21,4849,7
beltz_orthodoxy,nasa,40,0,55903,8677,40,64580,82
nunik_dwijo,nasa,12,0,55903,8677,12,64580,9
emilylurice,drmrfrancis,418,43,258,52,461,310,148
sarahkendrew,spietweets,504,85,10,1,589,11,62
lucasoft_co_uk,nasa,10,0,55903,8677,10,64580,75
nickastronomer,bbcstargazing,1203,166,218,12,1369,230,284
tate_jesus_chri,nasa,93,27,55903,8677,120,64580,0
kimme,nasa,27,0,55903,8677,27,64580,29
lupa1069,nasa,0,13,55903,8677,13,64580,0
mgavironda,nasa,29,0,55903,8677,29,64580,35
aeridani,nasa,6,0,55903,8677,6,64580,4
ivysmith93,space_station,0,5,8043,589,5,8632,2
planetquest,nightskynetwork,139,11,23,0,150,23,123
asmedotorg,nasa,16,0,55903,8677,16,64580,137
dawnsunrise1,esa_rosetta,83,0,4545,304,83,4849,233
startalkradio,startorialist,731,46,201,16,777,217,111
ayeiibor,nasa,11,0,55903,8677,11,64580,18
garym,nasa,16,0,55903,8677,16,64580,78
davidwhogg,nasa_tess,571,104,17,4,675,21,35
paskojr,nasa,35,0,55903,8677,35,64580,23
nasa_orion,nasa_sls,280,5,213,16,285,229,1142
spacegovuk,sciencemuseum,324,13,140,4,337,144,425
natalkapoltav8,nasa,4,2,55903,8677,6,64580,3
dadearinto,nasajpl,107,4,4957,65,111,5022,158
mhs_science,cassinisaturn,33,1,3863,85,34,3948,19
dchollywood,nasa,8,0,55903,8677,8,64580,9
ericscann,nasa,19,0,55903,8677,19,64580,14
351honey,nasa,5,0,55903,8677,5,64580,3
nina_aversa,nasa,2,4,55903,8677,6,64580,2
chrislintott,robertcnichol,660,103,33,3,763,36,44
doctor_astro,iss_casis,338,31,117,6,369,123,174
nasa,davaexplorer,381,34,98,6,415,104,734
jm_clift,nasa,77,0,55903,8677,77,64580,161
nasakennedy,nasa_wallops,345,13,112,3,358,115,999
ricardocprates,nasa,32,0,55903,8677,32,64580,15
melissarenaeart,nasa,16,3,55903,8677,19,64580,18
planet4589,ascendingnode,888,169,152,22,1057,174,174
noisyastronomer,michaeljewell78,396,62,12,0,458,12,81
nmpanek,jtotheizzoe,239,9,19,2,248,21,47
sabrinaselva1,iss_research,105,0,4199,61,105,4260,53
rawanfml,nasa,4,0,55903,8677,4,64580,0
demiuniverse,nasa,4,0,55903,8677,4,64580,1
noidiminerva,nasa,25,0,55903,8677,25,64580,21
astro2fish,spasmunkey,128,7,92,2,135,94,228
petaluma,nasa,0,2,55903,8677,2,64580,3
philae2014,mggttaylor,51,1,158,13,52,171,464
science_hooker,esa,10,4,5155,135,14,5290,127
verdejomar88,nasa,8,0,55903,8677,8,64580,2
michael_w_busch,megschwamb,649,152,121,9,801,130,87
astro_aggie,spacechelle,164,14,69,6,178,75,210
astronomiafacil,earthskyscience,67,0,1144,2,67,1146,161
nathansemperfi,nasa,5,0,55903,8677,5,64580,12
mrichwjz,nasa,0,2,55903,8677,2,64580,23
lloukusa,nasa,26,0,55903,8677,26,64580,52
summer_ash,jaimealyse,793,73,18,3,866,21,20
gerlinderud,iss_research,51,0,4199,61,51,4260,39
iss_research,rainmaker1973,268,20,108,9,288,117,354
planet4589,osirisrex,888,169,382,23,1057,405,336
_thewatchers_,nasa,4,2,55903,8677,6,64580,2
astro_aggie,carbon_flight,164,14,89,5,178,94,231
astronomolly,astrotweeps,718,99,186,23,817,209,173
scibry,upulie,267,10,129,17,277,146,119
nasagoddard,nasaspinoff,466,18,44,0,484,44,590
alex_parker,shaka_lulu,1175,160,133,22,1335,155,186
emshore,nasa,45,0,55903,8677,45,64580,19
timbecool,nasa,0,3,55903,8677,3,64580,2
cosmiccuttlefsh,nasa,4,0,55903,8677,4,64580,4
saeedinquiry,nasa,5,0,55903,8677,5,64580,0
prize_jesse,space_station,40,3,8043,589,43,8632,9
astro95media,nasa,6,0,55903,8677,6,64580,58
flatearthcity,nasa,16,7,55903,8677,23,64580,112
cosmicpinot,peterdedmonds,257,53,115,14,310,129,123
cosmicpinot,profmike_m,257,53,115,18,310,133,63
iss_research,nanoracks,268,20,50,1,288,51,277
susankochvt,nasa,11,0,55903,8677,11,64580,13
astrodot,nujoud,335,8,17,0,343,17,82
willgater,keithmansfield,499,18,12,3,517,15,24
davekosar2,nasa,17,10,55903,8677,27,64580,13
f4glory,nasa_orion,41,11,2923,59,52,2982,18
aliensbyuranus,space_station,17,10,8043,589,27,8632,5
richpitts,esa_rosetta,39,0,4545,304,39,4849,49
nickastronomer,sungrazercomets,1203,166,76,10,1369,86,226
csa_asc,commandrnickel,358,9,20,2,367,22,148
markrobak,spacex,26,0,9247,328,26,9575,41
drphilmarshall,kirkdborne,248,36,21,1,284,22,28
emilylurice,mikamckinnon,418,43,147,16,461,163,119
els8383,stationcdrkelly,1,4,5228,24,5,5252,4
harvest_wind,space_station,28,2,8043,589,30,8632,18
emz_fleming,nasa,1,2,55903,8677,3,64580,2
astro_reid,daveatcogs,349,36,21,0,385,21,103
drfunkyspoon,kurtgegenhuber,628,95,7,1,723,8,18
iss_research,astro_wheels,268,20,185,7,288,192,835
dr_lucie,asubsetofdaves,619,24,54,2,643,56,52
nickastronomer,newscilive,1203,166,23,0,1369,23,46
vancehuxley,nasa,9,0,55903,8677,9,64580,8
campstem,nasa,76,0,55903,8677,76,64580,322
emilylurice,reneehlozek,418,43,97,14,461,111,113
uranussideways,iss_research,68,81,4199,61,149,4260,10
emilylurice,aussiastronomer,418,43,95,16,461,111,106
spaceweekirl,nasa,39,0,55903,8677,39,64580,91
nickastronomer,astroexeter,1203,166,34,5,1369,39,78
scibry,drmel_t,267,10,20,1,277,21,72
tgaeta,nasa,10,0,55903,8677,10,64580,11
jaybirdone,nasa,66,8,55903,8677,74,64580,52
nasagoddard,climatecentral,466,18,8,2,484,10,261
oyofitness,nasa,7,0,55903,8677,7,64580,3
ivysmith93,nasa,0,5,55903,8677,5,64580,25
rajkvx,nasa,6,2,55903,8677,8,64580,1
graciosaaa_,nasa,0,2,55903,8677,2,64580,1
kevintaylor522,nasa,14,1,55903,8677,15,64580,57
vrooje,astrokatey,394,81,39,11,475,50,66
jpmajor,nasa,135,0,55903,8677,135,64580,970
planet4589,natreconofc,888,169,19,2,1057,21,86
camneilo,nasa,8,0,55903,8677,8,64580,11
hamid_belwidane,esa,4,0,5155,135,4,5290,1
tamistainfield,nasa,13,7,55903,8677,20,64580,6
spacedotcom,tariqjmalik,260,1,32,1,261,33,448
fenixrising33,nasa,6,3,55903,8677,9,64580,8
edielsoto25,nasa,14,0,55903,8677,14,64580,6
the_mattgreen,nasa,20,0,55903,8677,20,64580,29
mosestamakloe,nasa,59,1,55903,8677,60,64580,112
planet4589,jbprime,888,169,55,16,1057,71,70
astro2fish,usairforce,128,7,79,4,135,83,138
badastronomer,rachelfeltman,389,46,57,8,435,65,263
usopm,nasa,10,0,55903,8677,10,64580,170
eddieuxman,nasa,5,0,55903,8677,5,64580,4
graemenrodgers,nasa,27,4,55903,8677,31,64580,6
startalkradio,benmakestv,731,46,39,3,777,42,69
lisaharveysmith,tracy_karin,470,27,18,0,497,18,167
planet4589,mikamckinnon,888,169,147,16,1057,163,244
carlosandanac,esa,14,0,5155,135,14,5290,27
astropixie,invaderxan,416,43,32,1,459,33,115
virgiliocorrado,startalkradio,24,0,1136,8,24,1144,23
asrivkin,drphiltill,695,130,65,5,825,70,171
torybruno,zerogravitykyle,1379,106,24,1,1485,25,188
mars_psych,nasa,80,2,55903,8677,82,64580,274
newhorizons2015,tedstryk,218,7,54,6,225,60,181
wiseowl21uk,nasa,7,7,55903,8677,14,64580,4
sonatinahaze,nasa,0,2,55903,8677,2,64580,0
yfiv3,nasa,7,0,55903,8677,7,64580,6
cosmic_horizons,adamfrank4,523,148,32,8,671,40,26
robbofoz,nasa,27,9,55903,8677,36,64580,17
hugoedelarosa,nasa,6,0,55903,8677,6,64580,2
capitalemnews,astro_timpeake,5,0,3394,32,5,3426,5
asrivkin,mad_science_guy,695,130,40,16,825,56,36
all_time_olivic,nasa,4,0,55903,8677,4,64580,0
aguscipolicy,nasa,40,1,55903,8677,41,64580,224
andrewlocal4,nasa,51,0,55903,8677,51,64580,117
planet4589,nanoracks,888,169,50,1,1057,51,146
alex_parker,osirisrex,1175,160,382,23,1335,405,380
calmuggo,space_station,109,65,8043,589,174,8632,11
nasakennedy,commercial_crew,345,13,120,2,358,122,840
iam_danishkhan,nasa,14,1,55903,8677,15,64580,24
iliveinma,nasa,36,52,55903,8677,88,64580,8
jannalevin,robertgaristo,185,30,31,8,215,39,68
msw117r22,nasa,15,0,55903,8677,15,64580,11
grantsdotgov,nasa,4,0,55903,8677,4,64580,21
emspeck,spacex,36,1,9247,328,37,9575,109
foreman_mike,sciguyspace,242,15,83,9,257,92,143
dubengeldu,nasa,51,12,55903,8677,63,64580,155
robrekemeyer,nasa_orion,34,0,2923,59,34,2982,25
hdhanus,nasa,10,2,55903,8677,12,64580,6
lisaharveysmith,macastrosoc,470,27,12,0,497,12,22
iamcomet67p,esa,27,1,5155,135,28,5290,594
michael_w_busch,reneehlozek,649,152,97,14,801,111,62
articlemkultra,nasa,3,8,55903,8677,11,64580,0
borgir1355,nasa,5,0,55903,8677,5,64580,0
dr_lucie,drstuclark,619,24,44,0,643,44,171
astro_aggie,realevilboo,164,14,6,2,178,8,16
astrokatie,seeoh2,775,102,5,2,877,7,12
xeni,nasa,62,1,55903,8677,63,64580,522
mic_orion,nasa,22,0,55903,8677,22,64580,25
nasa_technology,lori_garver,244,7,51,0,251,51,433
me_albar1,nasa,23,41,55903,8677,64,64580,5
spacenews_inc,dlr_en,281,19,73,3,300,76,328
jomamawanna,nasa,5,0,55903,8677,5,64580,11
calmuggo,nasa_johnson,109,65,4945,42,174,4987,8
lotitto,nasa,24,0,55903,8677,24,64580,13
propnose,nasa,33,0,55903,8677,33,64580,45
hyposleep,nasa,42,0,55903,8677,42,64580,24
bishanchakrabor,nasa,17,0,55903,8677,17,64580,13
roxyielle,nasa,17,2,55903,8677,19,64580,1
marieal21675849,nasa,49,19,55903,8677,68,64580,4
jainsley,spacedotcom,98,0,4724,125,98,4849,251
chrisddouglas,spacex,5,0,9247,328,5,9575,4
esa,asteroidday,597,15,28,0,612,28,472
davidwhogg,kimberlykowal,571,104,38,0,675,38,65
dalcantonjd,merrdiff,677,164,120,20,841,140,105
rob_t_2010,nasa,4,0,55903,8677,4,64580,10
astrokatie,markmccaughrean,775,102,236,44,877,280,206
lapseu,nasa,9,0,55903,8677,9,64580,17
starzara3,nasa,0,2,55903,8677,2,64580,0
randomspacefact,osirisrex,189,8,382,23,197,405,279
astro_cady,ellenstofan,318,9,71,6,327,77,243
pc0101,nasa,41,0,55903,8677,41,64580,215
kennethmjohnson,nasa_johnson,35,0,4945,42,35,4987,37
cosmic_horizons,ruthie147,523,148,10,2,671,12,19
ben_stroud,nasa,36,0,55903,8677,36,64580,34
thebestnextmove,nasa,5,2,55903,8677,7,64580,9
roneyeam,nasa,13,0,55903,8677,13,64580,18
glennostrosky,nasa,12,1,55903,8677,13,64580,27
astrokatie,suthers,775,102,30,0,877,30,184
astrobiologynai,nasakepler,29,1,309,24,30,333,487
astroduff,sarahcruddas,803,112,47,4,915,51,119
exentrik137,nasa,6,3,55903,8677,9,64580,1
nickastronomer,thehighfrontier,1203,166,9,3,1369,12,179
vealslab,nasa,111,3,55903,8677,114,64580,391
cosmospnw,spacex,53,1,9247,328,54,9575,153
nsfvoyager2,drspacejunk,174,10,49,9,184,58,154
gvbujade,nasa_astronauts,129,16,3739,63,145,3802,35
branziggracerx,nasa,56,0,55903,8677,56,64580,161
planet4589,ulalaunch,888,169,566,37,1057,603,348
astrokatie,truesciphi,775,102,32,0,877,32,144
raktimbanerjee,nasa,20,0,55903,8677,20,64580,11
angtomvideo,nasajpl,11,0,4957,65,11,5022,4
nobodyisking,nasa,13,0,55903,8677,13,64580,4
dalcantonjd,michelle_lmc,677,164,106,22,841,128,83
spacenews_inc,nanoracks,281,19,50,1,300,51,239
grunzwanzling42,space_station,29,9,8043,589,38,8632,7
dailyplanetshow,esa_rosetta,60,0,4545,304,60,4849,105
razimus,nasa,18,2,55903,8677,20,64580,18
briny_bear,nasa,6,6,55903,8677,12,64580,2
karenlmasters,startorialist,383,31,201,16,414,217,96
spaceman60,nasa,47,0,55903,8677,47,64580,111
kejames,nasa,72,4,55903,8677,76,64580,392
astrokatie,kevinschawinski,775,102,182,43,877,225,143
summer_ash,missaerospace,793,73,10,4,866,14,55
chrislintott,andreawiggins,660,103,13,2,763,15,14
spaceartal,nasa,30,0,55903,8677,30,64580,300
starzanplanets,mcnees,448,67,271,63,515,334,104
builtfromtape,nasa,23,3,55903,8677,26,64580,12
elakdawalla,megschwamb,683,89,121,9,772,130,259
superthunderfan,nasa,31,0,55903,8677,31,64580,61
kashusofslay,nasa,5,0,55903,8677,5,64580,7
dadearinto,space_station,107,4,8043,589,111,8632,154
noisyastronomer,ngc3314,396,62,96,10,458,106,64
hiebaaaa,nasa,8,2,55903,8677,10,64580,4
lasercheriton,nasa,5,0,55903,8677,5,64580,2
_sina_t,nasa,33,0,55903,8677,33,64580,22
williammarshal1,esa,35,0,5155,135,35,5290,100
theuniverse_tm,dawnsunrise1,159,3,94,6,162,100,85
ireland_rhain,nasa,2,2,55903,8677,4,64580,1
summer_ash,13adh13,793,73,24,2,866,26,42
artbulla,nasajpl,0,12,4957,65,12,5022,1
minieb1,nasa,18,0,55903,8677,18,64580,21
newsfromspace,nasa,143,0,55903,8677,143,64580,701
pdchina,nasa,9,1,55903,8677,10,64580,633
torybruno,astronautabby,1379,106,65,1,1485,66,330
iss_research,nasa_marshall,268,20,95,5,288,100,1119
sarahkendrew,michelle_lmc,504,85,106,22,589,128,94
giuliost,spacex,11,0,9247,328,11,9575,18
luispecialone,nasa,7,1,55903,8677,8,64580,4
nasa_technology,tim846,244,7,20,1,251,21,126
cosmicpinot,drarnakarick,257,53,71,9,310,80,68
monkeymafia1668,nasa,23,5,55903,8677,28,64580,49
nickastronomer,mars_stu,1203,166,65,8,1369,73,174
05_ashton,nasa,24,1,55903,8677,25,64580,52
astro_luca,astro_clay,326,12,181,8,338,189,442
mabsj2,spacedotcom,47,0,4724,125,47,4849,86
go4eva,nasa,41,0,55903,8677,41,64580,75
insightmedpub,space_station,15,0,8043,589,15,8632,16
nasa_technology,jenngustetic,244,7,15,1,251,16,183
flatearthcity,neiltyson,16,7,10053,253,23,10306,34
abbielukens,nasa,0,2,55903,8677,2,64580,0
csa_asc,canada,358,9,9,0,367,9,125
daveatcogs,nasa,31,0,55903,8677,31,64580,155
astropixie,doctorzen,416,43,10,0,459,10,19
suckmy_wayne,nasa,0,2,55903,8677,2,64580,1
thehighfrontier,spacex,53,2,9247,328,55,9575,255
antdeezy05,neiltyson,17,3,10053,253,20,10306,8
john_northants,nasa,51,0,55903,8677,51,64580,116
chrisdmarshall,nasa,125,1,55903,8677,126,64580,465
slindholm89,neiltyson,0,2,10053,253,2,10306,0
scibry,reneehlozek,267,10,97,14,277,111,136
oneeeye,nasa,22,0,55903,8677,22,64580,2
tribalance1,nasa,7,3,55903,8677,10,64580,2
davidwhogg,jegpeek,571,104,251,42,675,293,74
shanaduchin,nasa,0,2,55903,8677,2,64580,0
sixsign,nasa,15,0,55903,8677,15,64580,38
cosmosontv,scirens,85,2,26,1,87,27,57
esascience,eurogeosciences,181,14,7,0,195,7,169
astrokatie,drmrfrancis,775,102,258,52,877,310,414
terrellglass10,nasa,17,6,55903,8677,23,64580,6
josephm76804991,nasa,15,0,55903,8677,15,64580,28
sterlingmholmes,nasa,32,0,55903,8677,32,64580,100
dalcantonjd,jbprime,677,164,55,16,841,71,72
startalkradio,tbaldwin510todd,731,46,6,0,777,6,30
theschoolofcode,nasa,5,0,55903,8677,5,64580,11
cubillo_,nasa,0,2,55903,8677,2,64580,0
duchessjj,nasa,7,2,55903,8677,9,64580,9
lohanroberto,nasa,47,0,55903,8677,47,64580,52
therealbuzz,sciencemuseum,175,6,140,4,181,144,453
satispy,esa,58,0,5155,135,58,5290,303
calmuggo,nasa,109,65,55903,8677,174,64580,10
spacenews_inc,ulalaunch,281,19,566,37,300,603,609
astropixie,kevinschawinski,416,43,182,43,459,225,104
nasa_johnson,astromaterials,200,7,19,0,207,19,185
eringreeson,exploreplanets,66,0,2187,12,66,2199,223
emilylurice,megschwamb,418,43,121,9,461,130,133
planetarycanada,elakdawalla,60,0,2165,24,60,2189,135
916birdman,nasa_technology,13,6,2473,11,19,2484,1
drfunkyspoon,adamfrank4,628,95,32,8,723,40,78
artbulla,nasa,0,12,55903,8677,12,64580,3
cosmic_horizons,astrotweeps,523,148,186,23,671,209,78
niais,shaka_lulu,265,36,133,22,301,155,139
cybersquidradio,nasa,31,0,55903,8677,31,64580,38
smithsonianmag,nasa,16,1,55903,8677,17,64580,785
starzanplanets,lukedones,448,67,246,45,515,291,112
aama0221,nasa,8,8,55903,8677,16,64580,5
elakdawalla,allplanets,683,89,66,3,772,69,314
jannalevin,newshour,185,30,14,4,215,18,34
nialas_dubh,nasa,6,1,55903,8677,7,64580,6
_sarahreeves,nasa,0,4,55903,8677,4,64580,1
wiwinaser,nasa,5,0,55903,8677,5,64580,5
alexbiebricher,nasa,35,4,55903,8677,39,64580,91
cosmic_horizons,naturenews,523,148,65,6,671,71,69
geekzone,nasa,29,0,55903,8677,29,64580,20
angelpuppyd,nasa,41,0,55903,8677,41,64580,90
chl0e_girard,astro_kate7,11,1,983,19,12,1002,6
startalkradio,jetthefurry,731,46,16,2,777,18,13
scforum_au,nasa,6,0,55903,8677,6,64580,0
planet4589,fakeastropix,888,169,29,8,1057,37,80
lenabplans4u,nasa,6,0,55903,8677,6,64580,3
davidspergel,jegpeek,75,18,251,42,93,293,51
earthskyscience,cosmos4u,102,5,186,34,107,220,267
astrokatie,mbbrownsf,775,102,0,2,877,2,15
drphilmarshall,arielwaldman,248,36,74,1,284,75,38
billhd,nasa,13,0,55903,8677,13,64580,12
randka1,nasa,7,0,55903,8677,7,64580,7
barshbits,nasa,20,5,55903,8677,25,64580,3
wahihi,nasa,202,23,55903,8677,225,64580,2
dr_lucie,mihojnvr,619,24,23,1,643,24,46
cmdr_hadfield,dannymichel,114,9,11,0,123,11,17
summer_ash,celinecelines,793,73,8,1,866,9,51
apollo15211,nasa,8,0,55903,8677,8,64580,5
startalkradio,atomcluborg,731,46,14,1,777,15,125
alex_parker,badphysics,1175,160,43,12,1335,55,75
summer_ash,reneehlozek,793,73,97,14,866,111,168
odiciopnp,nasa,7,0,55903,8677,7,64580,4
nasajpl,esaherschel,352,20,74,7,372,81,681
trendintech,nasa,12,0,55903,8677,12,64580,23
whybankcollapse,space_station,26,0,8043,589,26,8632,23
breaker1ove,nasa,10,4,55903,8677,14,64580,4
lindaquackenbus,nasa,25,4,55903,8677,29,64580,64
yohangerm,nasa,5,5,55903,8677,10,64580,7
peterkingcbs,nasa,48,1,55903,8677,49,64580,183
richardtdevane2,marscuriosity,8,4,7139,52,12,7191,4
hanoyshan,nasa_orion,8,7,2923,59,15,2982,2
916birdman,nasa,13,6,55903,8677,19,64580,4
katiemckenzieee,nasa,0,2,55903,8677,2,64580,4
paoloribe,nasa,29,0,55903,8677,29,64580,42
kimberleyalbe19,nasa,5,0,55903,8677,5,64580,2
nasa_orion,ulalaunch,280,5,566,37,285,603,1005
therealbuzz,nss,175,6,22,0,181,22,434
xcogames,nasa,14,0,55903,8677,14,64580,13
jhjones,egvick,449,49,26,0,498,26,92
sayyed_numan,marscuriosity,15,0,7139,52,15,7191,9
grt8ness2017,nasa,5,0,55903,8677,5,64580,73
lis07sa,nasa,4,0,55903,8677,4,64580,4
starzanplanets,drphiltill,448,67,65,5,515,70,241
newhorizons2015,davidbflower,218,7,122,1,225,123,265
planet4589,sondy,888,169,422,82,1057,504,214
22kurtweinberg,nasa_orion,44,0,2923,59,44,2982,42
chrislintott,tim_o_brien,660,103,58,3,763,61,181
kuppachiravi,nasa,12,0,55903,8677,12,64580,13
starzanplanets,masequeira1,448,67,35,4,515,39,16
spacegovuk,mggttaylor,324,13,158,13,337,171,332
ryanwvoll,esa_rosetta,87,10,4545,304,97,4849,65
marscuriosity,hirise,199,15,131,10,214,141,799
alex_parker,tanyaofmars,1175,160,87,7,1335,94,439
noisyastronomer,fcain,396,62,112,3,458,115,321
vrooje,stoutde,394,81,33,3,475,36,17
rocket_woman1,spacex,103,0,9247,328,103,9575,527
narconavax,spacedotcom,15,2,4724,125,17,4849,40
amber_r6816,nasa,0,2,55903,8677,2,64580,2
planet4589,geerthub,888,169,134,14,1057,148,156
zcoindia,nasa,17,1,55903,8677,18,64580,48
jetthefurry,nasa,16,0,55903,8677,16,64580,14
ken_kremer,nasa,45,0,55903,8677,45,64580,154
sarahkendrew,drarnakarick,504,85,71,9,589,80,66
astropixie,reneehlozek,416,43,97,14,459,111,135
gheghyxx,esa,57,1,5155,135,58,5290,92
torybruno,orbitalatk,1379,106,296,35,1485,331,498
vanberf,nasa,6,4,55903,8677,10,64580,8
cosmic_horizons,breakfastnews,523,148,175,41,671,216,13
sarahkendrew,michealjroberts,504,85,46,18,589,64,71
astro_timpeake,peoplesastro,294,33,54,3,327,57,345
fluidphysics,nasa,5,3,55903,8677,8,64580,5
tomblogue,nasa,2,6,55903,8677,8,64580,12
georgewalterxx,nasa,0,3,55903,8677,3,64580,0
astronomolly,drmrfrancis,718,99,258,52,817,310,150
pedrocamposg,nasa,41,0,55903,8677,41,64580,94
zeeshan732101,nasa,4,0,55903,8677,4,64580,0
astroduff,nasakepler,803,112,309,24,915,333,238
rainmaker1973,nasajuno,132,10,4049,27,142,4076,389
universe_joey,nasa,0,2,55903,8677,2,64580,1
misterkontos,nasa,7,2,55903,8677,9,64580,3
asrivkin,radjanirad,695,130,26,2,825,28,76
chrisrigs1,nasa,13,0,55903,8677,13,64580,18
astropixie,drarnakarick,416,43,71,9,459,80,75
prize_jesse,nasa,40,3,55903,8677,43,64580,10
jeffreyrhudy,nasa,11,0,55903,8677,11,64580,5
emilylurice,jegpeek,418,43,251,42,461,293,65
emiliakilpua,esa_rosetta,57,1,4545,304,58,4849,141
jhjones,marsroverdriver,449,49,47,5,498,52,107
astropeggy,space_station,14,0,8043,589,14,8632,571
eldesistemas,nasa,27,0,55903,8677,27,64580,41
anclaire22,nasa,4,0,55903,8677,4,64580,13
dr_lucie,katie_h_joy,619,24,15,0,643,15,74
earthisflat1,nasa,9,0,55903,8677,9,64580,19
michael_w_busch,planetdr,649,152,783,153,801,936,120
planet4589,orbitalatk,888,169,296,35,1057,331,354
fitnessinpost,nasa,0,2,55903,8677,2,64580,5
orbital_decay,spacex,16,2,9247,328,18,9575,38
maz_zaroth,nasa,8,1,55903,8677,9,64580,18
helenharberts,nasa,32,0,55903,8677,32,64580,22
spacebrendan,nasa,49,3,55903,8677,52,64580,168
space_damien,neiltyson,7,2,10053,253,9,10306,82
summer_ash,downhereonearth,793,73,38,4,866,42,166
teleintelos,nasa,27,0,55903,8677,27,64580,41
adallos,nasa,16,0,55903,8677,16,64580,53
nikoochu,nasa,7,0,55903,8677,7,64580,12
niamhiepoos,nasa,98,1,55903,8677,99,64580,337
matterssomehow,nasa,6,3,55903,8677,9,64580,19
indiffrency,iss_research,6,9,4199,61,15,4260,6
cinnamonbyte,nasa_orion,14,7,2923,59,21,2982,6
orbitalatk,nasa,47,0,55903,8677,47,64580,1572
gvbujade,cassinisaturn,129,16,3863,85,145,3948,41
astro_timpeake,pc0101,294,33,77,10,327,87,171
sid_soothsayer,nasa,6,1,55903,8677,7,64580,12
lisaharveysmith,worldscifest,470,27,57,2,497,59,89
riot_dr,nasa,39,5,55903,8677,44,64580,20
longhaircowboy,astro_mike,13,7,2034,24,20,2058,9
mitchroffer,nasakennedy,24,1,3802,55,25,3857,31
nbcphiladelphia,nasa,5,0,55903,8677,5,64580,157
astrosamantha,thom_astro,181,6,221,14,187,235,696
genejm29,nasa,192,2,55903,8677,194,64580,849
spacegovuk,philae_ptolemy,324,13,21,0,337,21,113
jrichardgott,marcuschown,71,6,20,2,77,22,15
gvbujade,nasa,129,16,55903,8677,145,64580,49
nasahqphoto,nasasealevel,132,6,19,5,138,24,123
cosmicpinot,answerpc,257,53,5,2,310,7,20
awesomeastropod,nasa,55,0,55903,8677,55,64580,351
iss_research,astrorobonaut,268,20,71,2,288,73,584
csa_asc,ministerised,358,9,21,3,367,24,80
asrivkin,benjaminsharkey,695,130,33,6,825,39,39
mephype93,nasa,6,1,55903,8677,7,64580,70
kimgreene,nasa,22,0,55903,8677,22,64580,16
spacekscblog,spacex,59,2,9247,328,61,9575,272
newsfromspace,astroillini,143,0,690,0,143,690,218
silverknightprj,nasa,48,0,55903,8677,48,64580,43
psutympany,nasa,75,1,55903,8677,76,64580,151
xploredeepspace,nasa,90,6,55903,8677,96,64580,494
sal636,nasa,16,0,55903,8677,16,64580,27
scorpio4shizzle,nasa,51,0,55903,8677,51,64580,45
niais,hubbahubble,265,36,180,19,301,199,96
colddimsum,nasa,28,3,55903,8677,31,64580,89
sarahetsy,nasa,0,3,55903,8677,3,64580,1
swreporter,nasa,9,0,55903,8677,9,64580,15
drfunkyspoon,drmrfrancis,628,95,258,52,723,310,212
albertnewton22,nasa,37,1,55903,8677,38,64580,3
iss_research,scifri,268,20,86,5,288,91,784
cosmic_horizons,abcnews,523,148,202,63,671,265,22
sciencenelson,esa_rosetta,85,0,4545,304,85,4849,225
catherineq,drmrfrancis,686,98,258,52,784,310,308
mariacriskouto,nasa,11,3,55903,8677,14,64580,2
robert_hardt,cmdr_hadfield,5,0,3932,49,5,3981,4
hanoyshan,nasa,8,7,55903,8677,15,64580,3
nickastronomer,jane_macarthur,1203,166,59,3,1369,62,273
nickastronomer,dawnsunrise1,1203,166,94,6,1369,100,238
tanyaofmars,nasa,121,1,55903,8677,122,64580,928
astrokarenn,vr_doug,52,3,47,1,55,48,185
badastronomer,fakeastropix,389,46,29,8,435,37,147
wsmabbasi22,nasa,1,2,55903,8677,3,64580,1
_sarahfay_,nasa,0,2,55903,8677,2,64580,4
cosmicpinot,drmel_t,257,53,20,1,310,21,72
the_solarsystem,jpmajor,847,1,165,18,848,183,368
lupa10661,nasa,0,13,55903,8677,13,64580,0
nickastronomer,geoffnotkin,1203,166,104,5,1369,109,256
elakdawalla,lukedones,683,89,246,45,772,291,174
nickastronomer,astro_adept,1203,166,39,4,1369,43,149
donn_morgan,nasa,26,5,55903,8677,31,64580,10
realdetective,nasa,1,2,55903,8677,3,64580,2
lopez_darrell_d,nasa,22,0,55903,8677,22,64580,0
davidbflower,esa,30,2,5155,135,32,5290,335
navdeepdhaliwai,nasa,5,1,55903,8677,6,64580,7
spacegovuk,onegiantread,324,13,10,0,337,10,44
tsgz7zv3ydwqted,nasa,21,0,55903,8677,21,64580,13
mrm0726,stationcdrkelly,28,1,5228,24,29,5252,39
kiera_5sos,nasa,0,2,55903,8677,2,64580,1
garrixhuman,nasa,28,2,55903,8677,30,64580,39
nickastronomer,comets77,1203,166,16,1,1369,17,99
cosmicpinot,e_astronomer,257,53,64,9,310,73,64
astronomolly,startorialist,718,99,201,16,817,217,87
kerriedougherty,spacedotcom,38,0,4724,125,38,4849,103
pesilvat,nasa,42,0,55903,8677,42,64580,35
patronaut0709,nasa,54,0,55903,8677,54,64580,118
lisaharveysmith,gravitate_to_me,470,27,46,4,497,50,104
drkomanduri,nasakennedy,16,2,3802,55,18,3857,16
jiggysevilla,spacedotcom,21,2,4724,125,23,4849,24
newhorizons2015,rainmaker1973,218,7,108,9,225,117,357
niais,nhuntwalker,265,36,222,72,301,294,37
artlardizabal,spacedotcom,15,2,4724,125,17,4849,11
armygreens,nasa,9,3,55903,8677,12,64580,9
nothingsirius,nasa,7,2,55903,8677,9,64580,154
nasajuno,nasahistory,63,2,103,5,65,108,1320
amypere62776913,nasa,16,0,55903,8677,16,64580,17
astropixie,drspacejunk,416,43,49,9,459,58,103
nasa_johnson,vr_doug,200,7,47,1,207,48,281
shaunharrodshow,startalkradio,11,0,1136,8,11,1144,12
alex_parker,benneholwerda,1175,160,162,20,1335,182,137
drphilmarshall,slaclab,248,36,12,1,284,13,27
stairwayunicorn,nasa,13,0,55903,8677,13,64580,10
noisyastronomer,tanyaofmars,396,62,87,7,458,94,303
spongelab,nasa,12,0,55903,8677,12,64580,73
mykhailaa_,nasa,0,2,55903,8677,2,64580,0
coreyspowell,carolynporco,429,83,150,10,512,160,313
astronomolly,johndebes,718,99,66,18,817,84,76
drfunkyspoon,alexwitze,628,95,72,15,723,87,245
lenadlm,nasa,23,0,55903,8677,23,64580,3
michael_w_busch,cathomas09,649,152,43,8,801,51,39
one3tx,nasa,6,0,55903,8677,6,64580,3
dr_lucie,rogerhighfield,619,24,20,2,643,22,87
wburke20,spacedotcom,8,0,4724,125,8,4849,10
geoffreyholland,nasa,4,3,55903,8677,7,64580,1
ascendingnode,nasa,25,0,55903,8677,25,64580,238
drvintellect,nasa,24,6,55903,8677,30,64580,25
cosmicpinot,blackphysicists,257,53,54,9,310,63,131
thusspeaksyhwh,nasa,194,100,55903,8677,294,64580,0
emmaiggie,nasa,15,0,55903,8677,15,64580,3
cosmos4u,nasa,108,3,55903,8677,111,64580,552
astropixie,kejames,416,43,136,28,459,164,123
nickastronomer,davidbflower,1203,166,122,1,1369,123,209
randomspacefact,robertpicardo,189,8,29,1,197,30,73
the_solarsystem,iamcomet67p,847,1,25,0,848,25,255
uranussideways,space_station,68,81,8043,589,149,8632,12
astro_127,uniphispaceage,55,2,11,1,57,12,98
cassinisaturn,apod,211,9,161,6,220,167,1571
universetoday,astroguyz,1492,21,179,4,1513,183,369
dalcantonjd,demitrimuna,677,164,57,12,841,69,40
jstephengagnon,nasasocial,20,0,2340,8,20,2348,31
osc_summerstem,nasa,30,0,55903,8677,30,64580,57
twoseamgripe,nasa,25,0,55903,8677,25,64580,9
deepakrajgor,nasa,8,0,55903,8677,8,64580,19
astroduff,jegpeek,803,112,251,42,915,293,60
erikraustin,nasa,40,0,55903,8677,40,64580,60
dr_lucie,astroemz,619,24,45,1,643,46,190
unitedchambers,nasa,59,7,55903,8677,66,64580,42
michael_w_busch,starstryder,649,152,108,19,801,127,108
richardflood301,nasa,54,0,55903,8677,54,64580,131
thedylanparker,nasa,0,2,55903,8677,2,64580,0
robertgoodwin,spacex,68,0,9247,328,68,9575,190
harvest_wind,nasa,28,2,55903,8677,30,64580,24
ironmanindiandr,nasa,4,2,55903,8677,6,64580,2
summer_ash,hubbahubble,793,73,180,19,866,199,122
esa_caves,kaydesigner,329,12,37,0,341,37,54
sunshyngurl,nasa,84,12,55903,8677,96,64580,30
aberdeensci,nasa,30,1,55903,8677,31,64580,80
shuttlecdrkelly,drbiden,42,4,11,1,46,12,120
sarahkendrew,demitrimuna,504,85,57,12,589,69,38
sciwhat,nasa,47,0,55903,8677,47,64580,182
astrodot,jaylupold,335,8,19,1,343,20,52
jsayers3975,nasa,5,4,55903,8677,9,64580,21
nasa,nasa_marshall,381,34,95,5,415,100,1518
foshanjason,nasa,26,0,55903,8677,26,64580,35
astro_davids,kharim71,190,16,2,2,206,4,20
michael_w_busch,vealslab,649,152,22,6,801,28,67
vrooje,jen_gupta,394,81,120,9,475,129,72
annie2488,nasa,10,3,55903,8677,13,64580,28
stealthsmooth,nasa,0,2,55903,8677,2,64580,0
federico_senesi,nasa,79,0,55903,8677,79,64580,61
hiliada,nasa,25,0,55903,8677,25,64580,48
1_gflame,nasa_technology,92,3,2473,11,95,2484,7
summer_ash,jegpeek,793,73,251,42,866,293,79
namelesscynic,nasa,0,4,55903,8677,4,64580,34
ccharliebee,nasa,0,2,55903,8677,2,64580,2
katehabrel,nasa,74,2,55903,8677,76,64580,74
lisaharveysmith,lastmanonmoon,470,27,51,3,497,54,101
liamburkeidk,nasa,1,2,55903,8677,3,64580,6
jayqpublic,nasa,38,2,55903,8677,40,64580,63
r_c,nasa,11,0,55903,8677,11,64580,8
mhs_science,astro_timpeake,33,1,3394,32,34,3426,16
nickastronomer,victrix75,1203,166,22,2,1369,24,90
davidspergel,reneehlozek,75,18,97,14,93,111,88
astrokatie,outtasightpv,775,102,2,2,877,4,9
astropixie,mjibrown,416,43,124,30,459,154,84
bigspire,nasa,41,0,55903,8677,41,64580,79
kevinschawinski,nasa,34,0,55903,8677,34,64580,149
superfolle,nasa,2,2,55903,8677,4,64580,1
davidwhogg,aussiastronomer,571,104,95,16,675,111,95
ianamm,nasa,20,0,55903,8677,20,64580,24
jpogubila,nasa,3,2,55903,8677,5,64580,13
jayqpublic,space_station,38,2,8043,589,40,8632,46
elakdawalla,mikamckinnon,683,89,147,16,772,163,407
astrokatie,upulie,775,102,129,17,877,146,303
sarahkendrew,kevinschawinski,504,85,182,43,589,225,103
savannahjoycee,nasa,1,2,55903,8677,3,64580,0
sarahkendrew,eteq,504,85,56,6,589,62,54
summer_ash,kejames,793,73,136,28,866,164,204
mrswilsonsci,cassinisaturn,14,0,3863,85,14,3948,18
drfunkyspoon,peterdedmonds,628,95,115,14,723,129,137
asteroidday,nasa,22,3,55903,8677,25,64580,647
astro_jeremy,commandrnickel,107,13,20,2,120,22,91
argotec_it,nasa,28,0,55903,8677,28,64580,133
animalarnie,hubble_space,66,8,2208,2,74,2210,10
rafat20221,nasa,4,0,55903,8677,4,64580,0
1tospacetime,nasa,44,0,55903,8677,44,64580,83
miss_space_geek,nasa,27,1,55903,8677,28,64580,71
bbuckner,nasa,67,1,55903,8677,68,64580,186
ourhiddenhistry,space_station,0,4,8043,589,4,8632,11
doctor_astro,crosscampusla,338,31,13,1,369,14,7
chelloway,nasa,4,2,55903,8677,6,64580,5
noisyastronomer,mcnees,396,62,271,63,458,334,110
carahsassidy,nasa,0,2,55903,8677,2,64580,0
astrosamantha,daveatcogs,181,6,21,0,187,21,120
planet4589,ngc3314,888,169,96,10,1057,106,74
cptplanespotter,nasa,18,4,55903,8677,22,64580,46
astrodot,lynnsherr,335,8,7,0,343,7,56
allstuffspace,spacex,31,0,9247,328,31,9575,66
daniel_thecuban,spacex,27,1,9247,328,28,9575,52
coreyspowell,mirikramer,429,83,105,11,512,116,243
dilicorne,nasa,23,2,55903,8677,25,64580,7
nickastronomer,bbcradio2,1203,166,17,2,1369,19,30
dalcantonjd,ngc3314,677,164,96,10,841,106,65
jonleary86,nasa,10,1,55903,8677,11,64580,39
drfunkyspoon,nccomfort,628,95,24,2,723,26,28
dr_lucie,uclmaps,619,24,8,0,643,8,20
astrokatie,badphysics,775,102,43,12,877,55,83
marriottlibrary,nasa,103,0,55903,8677,103,64580,11
rocketman528,nasa,98,0,55903,8677,98,64580,486
lastsafeport,spacedotcom,45,0,4724,125,45,4849,64
cassinisaturn,canberradsn,211,9,85,3,220,88,292
adcunningham,nasa,86,0,55903,8677,86,64580,335
varlottaang,nasa,44,0,55903,8677,44,64580,93
supakwungs,nasa,6,0,55903,8677,6,64580,2
thestructureman,spacex,17,0,9247,328,17,9575,20
therealdjflux,nasa,89,1,55903,8677,90,64580,424
niais,drmrfrancis,265,36,258,52,301,310,159
dannytheinfidel,space_station,23,8,8043,589,31,8632,13
19921974,nasa,71,2,55903,8677,73,64580,16
vrooje,jr_pritchard,394,81,48,7,475,55,67
thehansindiaweb,nasa,5,0,55903,8677,5,64580,7
michinojosa,nasa,0,2,55903,8677,2,64580,0
nasa,commercial_crew,381,34,120,2,415,122,1004
kuffodog,nasa,14,4,55903,8677,18,64580,16
amber_ward_,nasa,1,2,55903,8677,3,64580,1
crkarla,esa,39,0,5155,135,39,5290,122
westonwolf359,nasa,5,0,55903,8677,5,64580,5
kitkatdela,nasa,0,2,55903,8677,2,64580,1
drfunkyspoon,chrisdudley85,628,95,13,4,723,17,3
dalcantonjd,reneehlozek,677,164,97,14,841,111,119
icarusfactor,nasa,95,0,55903,8677,95,64580,479
ahenk75,nasa,62,5,55903,8677,67,64580,139
emilylurice,mcnees,418,43,271,63,461,334,83
foreman_mike,astro_clay,242,15,181,8,257,189,358
nsfvoyager2,canberradsn,174,10,85,3,184,88,209
hanabusa_haru,nasa,10,2,55903,8677,12,64580,4
astro2fish,schierholz,128,7,37,0,135,37,193
lisaharveysmith,benneholwerda,470,27,162,20,497,182,131
planet4589,rappolee,888,169,41,10,1057,51,64
temermarcelo1,nasa,7,0,55903,8677,7,64580,1
toomanysecrets,earthskyscience,26,0,1144,2,26,1146,14
marsweep,space_station,0,4,8043,589,4,8632,13
10wavesofyou,nasa,23,0,55903,8677,23,64580,13
igor_marchenko_,nasa,26,3,55903,8677,29,64580,48
jordanalanda,nasa,0,2,55903,8677,2,64580,1
geekdotcom,nasa,1,2,55903,8677,3,64580,152
tikkami,nasa,18,6,55903,8677,24,64580,36
chrislintott,philae_ptolemy,660,103,21,0,763,21,99
esa,esa_eac,597,15,199,12,612,211,405
davidwhogg,openscience,571,104,15,1,675,16,54
profabelmendez,allplanets,821,4,66,3,825,69,318
orbfungi,nasa,11,7,55903,8677,18,64580,4
360astrology,nasa,0,2,55903,8677,2,64580,0
drfunkyspoon,asteroidenergy,628,95,35,2,723,37,249
ashley_cauthen,nasa,9,0,55903,8677,9,64580,7
amysez,therealbuzz,9,0,3045,28,9,3073,9
spacegovuk,spacecentre,324,13,39,0,337,39,219
nasa,nasaedu,381,34,44,2,415,46,811
marsweep,nasa,0,4,55903,8677,4,64580,27
michael_w_busch,shannonmstirone,649,152,71,13,801,84,81
badastronomer,amymainzer,389,46,60,2,435,62,380
noria_edward,nasa,84,1,55903,8677,85,64580,187
resilientearth,nasa,7,3,55903,8677,10,64580,26
astronomolly,brianwolven,718,99,295,52,817,347,70
nickastronomer,mggttaylor,1203,166,158,13,1369,171,289
rbuerckner,nasa,11,0,55903,8677,11,64580,25
genejm29,cassinisaturn,192,2,3863,85,194,3948,513
karenlmasters,lottie_dolls,383,31,9,0,414,9,58
4n0rdc,marscuriosity,57,17,7139,52,74,7191,27
allsystemsargo,nasa,57,0,55903,8677,57,64580,76
rupertmissickjr,nasa,3,19,55903,8677,22,64580,13
beas_space,nasa,41,1,55903,8677,42,64580,103
drfunkyspoon,soledadobrien,628,95,31,0,723,31,61
dalcantonjd,amyekimball,677,164,19,5,841,24,25
nickastronomer,spaceanswers,1203,166,13,0,1369,13,271
updatenewslive,nasa,26,10,55903,8677,36,64580,4
larrybudmellman,nasa,11,3,55903,8677,14,64580,4
starwolf72,nasa,9,1,55903,8677,10,64580,6
stellarpillar,spacedotcom,43,1,4724,125,44,4849,99
astro_cady,astrorobonaut,318,9,71,2,327,73,454
theotherhydra,nasa,47,0,55903,8677,47,64580,89
summer_ash,sondy,793,73,422,82,866,504,201
astro_reid,roach,349,36,27,0,385,27,100
summer_ash,drmrfrancis,793,73,258,52,866,310,289
nmpanek,shahselbe,239,9,31,1,248,32,36
briny_bear,space_station,6,6,8043,589,12,8632,2
planetguy_bln,nasa,40,0,55903,8677,40,64580,89
systemerror3169,nasa,5,2,55903,8677,7,64580,2
genejm29,nasakennedy,192,2,3802,55,194,3857,590
lhonnorat,nasa,56,1,55903,8677,57,64580,78
chrislintott,royalastrosoc,660,103,82,6,763,88,240
mercadofuertes,spacex,39,0,9247,328,39,9575,52
sarahkendrew,geerthub,504,85,134,14,589,148,129
prize_jesse,iss_research,40,3,4199,61,43,4260,9
syd3825,spacedotcom,10,1,4724,125,11,4849,12
gearymk,nasa,17,5,55903,8677,22,64580,20
lisaharveysmith,mjibrown,470,27,124,30,497,154,82
marianollorente,nasa,22,0,55903,8677,22,64580,6
chrislintott,jpmajor,660,103,165,18,763,183,308
emilylurice,demitrimuna,418,43,57,12,461,69,39
elakdawalla,hauck,683,89,23,3,772,26,105
esaoperations,dlr_en,425,27,73,3,452,76,569
torybruno,crow_t_robot,1379,106,20,7,1485,27,232
nasasocial,tumblr,589,5,23,0,594,23,141
ntinatorfuckyou,nasa,4,0,55903,8677,4,64580,2
metyuadem,nasa,1,2,55903,8677,3,64580,1
djfrankieee,nasa,41,1,55903,8677,42,64580,145
indykaleu,nasa,24,0,55903,8677,24,64580,6
intelligent50,nasa,2,3,55903,8677,5,64580,4
